fetched_at_utc,city,condition_id,question,active,closed,end_date_iso,start_date_iso,volume_usdc,volume_24h_usdc,liquidity_usdc,market_slug,outcome_probs_json,clob_token_ids_json,book_ts,yes_best_bid,no_best_bid,yes_best_ask,no_best_ask,yes_ask_depth_usdc,no_ask_depth_usdc,yes_vwap_buy_100,no_vwap_buy_100
2026-08-22T01:54:25.977959+00:00,New York City,0xa278765b8380565cb0fe03703de367d727f657e0f097d40e11f3abcc9f1274e9,Will the lowest temperature in New York City be 57°F or below on August 21?,True,False,2026-08-21,2026-08-20,1238.2297159999998,843.2297159999999,993.71887,,"{""Yes"": 0.0005, ""No"": 0.9995}","[""112398339607670370517854235669137394730896549659796119699202278172511946244433"", ""4983702833247982312590080112613932124875000188830381489285891531957874058513""]",1787364090802,,0.999,0.001,,4209.55,0.0,0.086369,
2026-08-22T01:54:25.977998+00:00,New York City,0xfef1c8efa4936e7c389b6d08e78ee3ed56be838b0ebeda5f3c2af74345f7fea7,Will the lowest temperature in New York City be between 58-59°F on August 21?,True,False,2026-08-21,2026-08-20,1021.6175499999998,775.61755,964.94947,,"{""Yes"": 0.0005, ""No"": 0.9995}","[""26810936525541019155615665620699109004462462618504652818126335781756200375555"", ""76097450077755063284196707304192738738717229523065068462945796534211636477581""]",1787364090872,,0.999,0.001,,4244.44,0.0,0.088454,
2026-08-22T01:54:25.978018+00:00,New York City,0x2a57c12d5070b7b1d7fc92f8610841b84c209195bb13d9173f39975d0c5b2f94,Will the lowest temperature in New York City be between 60-61°F on August 21?,True,False,2026-08-21,2026-08-20,1150.089614,928.089614,719.99584,,"{""Yes"": 0.0015, ""No"": 0.9985}","[""106764581976073377667590787678520805612507890376837631786328809501394763269298"", ""92649759958544834717860934939675928204465697888323911513355543250769887285617""]",1787364090967,,0.997,0.003,,4241.37,0.0,0.112912,
2026-08-22T01:54:25.978033+00:00,New York City,0xbf51f4e17f1adf77d91b3dc45df4806d05822f5fde90e975884276f1d3b1b266,Will the lowest temperature in New York City be between 62-63°F on August 21?,True,False,2026-08-21,2026-08-20,1115.7868719999997,620.2259409999999,856.15466,,"{""Yes"": 0.0005, ""No"": 0.9995}","[""101021711302807485223237388132297616266621770248233964724766745927658736928125"", ""22714966867577018528092346607195111876341324806301043000535308558845506128888""]",1787364091036,,0.999,0.001,,5972.69,0.0,0.101938,
2026-08-22T01:54:25.978049+00:00,New York City,0x871f811c4fafa5d115509927fc793fccaa855041799afcfeb1ebfc9a304e96ab,Will the lowest temperature in New York City be between 64-65°F on August 21?,True,False,2026-08-21,2026-08-20,1918.3768519999999,1241.49606,810.45181,,"{""Yes"": 0.999, ""No"": 0.001}","[""24705314942523294221241203673984418967521493431112648352021471806871679845264"", ""42323435536840415480309266439521197298037530187769322776269769149330172379382""]",1787364105575,0.999,,,0.001,0.0,6295.83,,0.038885
2026-08-22T01:54:25.978066+00:00,New York City,0xe04c214072d94b2dbdb37e0b332496c301ac19b2f9cddeab0001844922d8ee6c,Will the lowest temperature in New York City be between 66-67°F on August 21?,True,False,2026-08-21,2026-08-20,3979.113667999999,3714.838652000001,1403.02542,,"{""Yes"": 0.0005, ""No"": 0.9995}","[""109296009432801388040785260403408375946367288455114104916818005909258463119328"", ""33209754831623043380735497900672096737760937888613703213714377639040087197926""]",1787364069532,,0.999,0.001,,4203.35,0.0,0.063795,
2026-08-22T01:54:25.978083+00:00,New York City,0xbf7039811e67df6289a9784b0f53af12c389f1c2f3ce180c945fafbfaf1c42da,Will the lowest temperature in New York City be between 68-69°F on August 21?,True,False,2026-08-21,2026-08-20,2764.7814150000004,2291.6350519999996,1419.14413,,"{""Yes"": 0.0005, ""No"": 0.9995}","[""36024167461465464854880354186201332233513214659054348692516673816163981012817"", ""42815594185958366190631220178644053325835771878461531870203018573311645179024""]",1787364004021,,0.999,0.001,,4207.58,0.0,0.063713,
2026-08-22T01:54:25.978099+00:00,New York City,0x4439b91c2ccb5550f3e9387d66e6667ec94ebdc2ab45f2569c93b5b43962fa8b,Will the lowest temperature in New York City be between 70-71°F on August 21?,True,False,2026-08-21,2026-08-20,2163.9404919999997,1627.973547,2565.45141,,"{""Yes"": 0.0005, ""No"": 0.9995}","[""110191247834384318231391184069759118678073494159560501415586447847243349781058"", ""90417660066297998624915243003245824234714615293665194147498610609081846505871""]",1787364004019,,0.999,0.001,,4226.42,0.0,0.036348,
2026-08-22T01:54:25.978113+00:00,New York City,0x67e14206be247ccf933f2345f20efbe49393c8f6456340cc3885bc280aee2895,Will the lowest temperature in New York City be between 72-73°F on August 21?,True,False,2026-08-21,2026-08-20,1345.6980299999998,864.598697,2611.2285,,"{""Yes"": 0.0005, ""No"": 0.9995}","[""109949716686637303138081381706017579041414074386077192515878287932603737670033"", ""93319457840544898982465567634999493441006442893402883094242107315756703101436""]",1787364012580,,0.999,0.001,,4229.88,0.0,0.036063,
2026-08-22T01:54:25.978126+00:00,New York City,0xf08f941617d5822c1b12c3d22821b6bbad2687b8102fc28e6365f77a058a46ad,Will the lowest temperature in New York City be between 74-75°F on August 21?,True,False,2026-08-21,2026-08-20,263.0,15.0,3149.75382,,"{""Yes"": 0.0005, ""No"": 0.9995}","[""10101773201441778633075378272449468462195006092477710208205263273246457479650"", ""86920768644970346807402958904025878498390543564448960101824605718475295088629""]",1787363960302,,0.999,0.001,,4259.77,0.0,0.030026,
2026-08-22T01:54:25.978141+00:00,New York City,0x0612f67e8be614aad8cbcb6088ff752417a98301d29e937f0d4fd8eeb4782be2,Will the lowest temperature in New York City be 76°F or higher on August 21?,True,False,2026-08-21,2026-08-20,168.0,0.0,3580.51368,,"{""Yes"": 0.0005, ""No"": 0.9995}","[""8201385039766498671782035207852759597002268765911894535274188882085893451807"", ""68406317155187960688676584869877875467631501951322174724139409345423149580519""]",1787364081842,,0.999,0.001,,4213.51,0.0,0.026769,
2026-08-22T01:54:25.978159+00:00,New York City,0xfc4451e983e3b5cbe8c77dff0f73a0dcbcb6169d393fd89d4e5803616844caf8,Will the highest temperature in New York City be 71°F or below on August 21?,True,False,2026-08-21,2026-08-20,26570.463035999997,16310.521,31321.47136,,"{""Yes"": 0.0005, ""No"": 0.9995}","[""57509004811760585679779884766363802407814208901577421228791528838723580988625"", ""112708801016312585495732238004024675398219448520908449028719881533266553087978""]",1787364088793,,0.999,0.001,,4419.45,0.0,0.003193,
2026-08-22T01:54:25.978177+00:00,New York City,0x6a53f0209c9752fca4d36b8cc1174301c6a8d31f68caa924790b078a8fa71b80,Will the highest temperature in New York City be between 72-73°F on August 21?,True,False,2026-08-21,2026-08-20,8265.382669,6871.049799,28758.27926,,"{""Yes"": 0.0005, ""No"": 0.9995}","[""34951419725171646739053920332432626776847369312270763991331190218959626573382"", ""60627138073997621935478555140540535081487020691473947257731663321927085430454""]",1787363962604,,0.999,0.001,,4380.72,0.0,0.003475,
2026-08-22T01:54:25.978192+00:00,New York City,0x580ef87adb38363abbb31aef6a85f5f6e11675608149027b074f23c91759d94d,Will the highest temperature in New York City be between 74-75°F on August 21?,True,False,2026-08-21,2026-08-20,8880.612868,6627.257975999999,31141.95117,,"{""Yes"": 0.0005, ""No"": 0.9995}","[""37569064792085299106622857597867816794699430570356971293786243661039162007251"", ""875955082800387553688269857314300044071625838824498905926779860441929516090""]",1787364029508,,0.999,0.001,,4436.96,0.0,0.003217,
2026-08-22T01:54:25.978208+00:00,New York City,0xca06ff397ff4859feb63da998598de6f73fc8b6b81d1ba4c0c42a14adc91174e,Will the highest temperature in New York City be between 76-77°F on August 21?,True,False,2026-08-21,2026-08-20,11598.125378999997,9031.766873,30274.62062,,"{""Yes"": 0.0005, ""No"": 0.9995}","[""69728840228768278726671847174669977890603473434215492785018941124211359898770"", ""99716010008671880564955402618549826868409937239382588959236843673643621298584""]",1787364100156,,0.999,0.001,,4403.27,0.0,0.003304,
2026-08-22T01:54:25.978225+00:00,New York City,0xd0c84edb7e74e92fd39be778c44865731687b65d638910bb83d7fbc9a165df0e,Will the highest temperature in New York City be between 78-79°F on August 21?,True,False,2026-08-21,2026-08-20,9136.011509000004,7337.4046530000005,9154.05855,,"{""Yes"": 0.9995, ""No"": 0.0005}","[""76972691575375776622763898899359353691366989820502489375370490919186567032112"", ""38931263409238029997364259580157611919622293941337104332679565630850124844830""]",1787364105909,0.999,,,0.001,0.0,4994.71,,0.010946
2026-08-22T01:54:25.978240+00:00,New York City,0xc3ec6f57cdcfbc696bef989386589159124106f1200ac7975b5e0c66a746a872,Will the highest temperature in New York City be between 80-81°F on August 21?,True,False,2026-08-21,2026-08-20,10325.465276999998,7337.572755999998,8133.90007,,"{""Yes"": 0.0005, ""No"": 0.9995}","[""22261184741509512235819032399653905922593488767289818372282625372023361117789"", ""20966310267981320840941682364298055072599437523545589036556794181248631763922""]",1787364101519,,0.999,0.001,,4495.75,0.0,0.012051,
2026-08-22T01:54:25.978255+00:00,New York City,0x3339a655e54485128d49a1aec58bc5e01fe59f9470264617a068be70c6bfab10,Will the highest temperature in New York City be between 82-83°F on August 21?,True,False,2026-08-21,2026-08-20,8064.5496699999985,5796.29698,11892.37826,,"{""Yes"": 0.0005, ""No"": 0.9995}","[""66731952720059477902724656455641836439854705020076119994812769982434484234094"", ""107877288162170880382808751151586485650956834476627104880179002601207948915811""]",1787364105367,,0.999,0.001,,4431.37,0.0,0.008316,
2026-08-22T01:54:25.978287+00:00,New York City,0xf139160808f372fb207cbfaebd808253b00be96ff0fb15ee22d69bfb364ca8e5,Will the highest temperature in New York City be between 84-85°F on August 21?,True,False,2026-08-21,2026-08-20,5251.9549849999985,2370.999269,12782.86629,,"{""Yes"": 0.0005, ""No"": 0.9995}","[""50477385176176751990182824325362428318437173596878430050507031980941213556958"", ""80686756466505406147611423866487000267508620770828424523611022089811414577942""]",1787364092599,,0.999,0.001,,4353.32,0.0,0.007716,
2026-08-22T01:54:25.978302+00:00,New York City,0x93986a80ca241b0047dfe439ad34406ebef75553ac368c05d9ee68b467b8ffb0,Will the highest temperature in New York City be between 86-87°F on August 21?,True,False,2026-08-21,2026-08-20,2333.6170620000003,1057.021362,10859.13583,,"{""Yes"": 0.0005, ""No"": 0.9995}","[""6363830182453017465116590167964874808305251209169254274978086772283844111288"", ""46402404556892665526377643842269519591048820887847030258413793066565147347007""]",1787364100156,,0.999,0.001,,4340.23,0.0,0.009059,
2026-08-22T01:54:25.978316+00:00,New York City,0xe95e14610ed415a84bca01391a7f53ae8a979cb97a9a7a38ae24a50993f86800,Will the highest temperature in New York City be between 88-89°F on August 21?,True,False,2026-08-21,2026-08-20,1712.458158,210.16,11589.59501,,"{""Yes"": 0.0005, ""No"": 0.9995}","[""48327243403120900144386287458520948784251721599902162161041144218549387540504"", ""52958904155727569834093753168032223533659319937310191588618193539767171104850""]",1787364092737,,0.999,0.001,,4346.72,0.0,0.008498,
2026-08-22T01:54:25.978330+00:00,New York City,0x2ca5badeaff5b04877b6e1ca1876b46617ed6f4bec1c3a6b42d977499806346a,Will the highest temperature in New York City be 90°F or higher on August 21?,True,False,2026-08-21,2026-08-20,1186.661,80.0,14397.55235,,"{""Yes"": 0.0005, ""No"": 0.9995}","[""69140857885582981911338373838756047524191271859900407007335347861632529715122"", ""6671537737991612433344196700060451666482062004970859694264532966278040624398""]",1787364092804,,0.999,0.001,,4401.36,0.0,0.006992,
2026-08-22T01:54:25.978345+00:00,New York City,0x54dcc4454625f5f1d334566744d9096a1149874f5d960db58b831a74e095b5d5,Will the lowest temperature in New York City be 59°F or below on August 22?,True,False,2026-08-22,2026-08-21,214.018,214.018,2036.00952,,"{""Yes"": 0.0005, ""No"": 0.9995}","[""22176085656247966028331551853638107537470051324335055789558369382929683210343"", ""2267978970326297723553940601314171628859636069224705401708236892850840788574""]",1787364079000,,0.999,0.001,,4387.55,0.0,0.09938,
2026-08-22T01:54:25.978359+00:00,New York City,0x4a329c3c83c03df36dfab693a263300d0681bdac863efe7f81c3271b59f75abd,Will the lowest temperature in New York City be between 60-61°F on August 22?,True,False,2026-08-22,2026-08-21,323.01599999999996,323.01599999999996,1140.33135,,"{""Yes"": 0.0005, ""No"": 0.9995}","[""57167492078919856972518558145921607569548726888853941010667963281057213184432"", ""30525319886414391606885741506677872028934770762542779414612397146283819035961""]",1787364066000,,0.999,0.001,,4606.47,0.0,0.156002,
2026-08-22T01:54:25.978370+00:00,New York City,0xef097895a83907dbe3ec3e8d22545bffb5ac4b592dd6170a6eee80ca9cc293bb,Will the lowest temperature in New York City be between 62-63°F on August 22?,True,False,2026-08-22,2026-08-21,256.47,256.47,298.2528,,"{""Yes"": 0.02, ""No"": 0.98}","[""45681626258458280676213473424882847719722052069172846841022502505853622627439"", ""80011524950630074551789238568474286480241672837405698472638837569921200162148""]",1787364094689,,0.96,0.04,,834.66,0.0,0.327913,
2026-08-22T01:54:25.978395+00:00,New York City,0x002fc34dd896077b110da622105033345a005b0acb6bd69b0822b3737cb65ddd,Will the lowest temperature in New York City be between 64-65°F on August 22?,True,False,2026-08-22,2026-08-21,62.04255,62.04255,173.4743,,"{""Yes"": 0.055, ""No"": 0.945}","[""63773393739221834104651676663344121685573450563857634042856283335549537102653"", ""88033838603680297674698215778109359526350169078051715115814074079069409687995""]",1787364094699,0.03,0.92,0.08,0.97,814.57,189.09,0.502869,0.978207
2026-08-22T01:54:25.978404+00:00,New York City,0xfab18e113307d1f42049c66a1a92ace3e327dd10c09d0c19144bd71783463364,Will the lowest temperature in New York City be between 66-67°F on August 22?,True,False,2026-08-22,2026-08-21,178.329053,178.32905300000002,165.7215,,"{""Yes"": 0.15, ""No"": 0.85}","[""92163698769008901414801228646341607937236816654571095417680419783334040742305"", ""79147634621270984375661486233617478153672859175960026083035358069964394312020""]",1787364094705,0.07,0.77,0.23,0.93,941.6,472.27,0.533659,0.959625
2026-08-22T01:54:25.978414+00:00,New York City,0x5dbe4930a2d69c3974d78c6f145e0ae7aef0afe859945440962589545d15c27e,Will the lowest temperature in New York City be between 68-69°F on August 22?,True,False,2026-08-22,2026-08-21,432.232011,432.232011,174.691,,"{""Yes"": 0.445, ""No"": 0.555}","[""102161550546141171718592932188454213460635585161963173365335629871525879686627"", ""62248823643995751731227370875463031992607697617523717400611442648094026925537""]",1787364109896,0.4,0.52,0.48,0.6,839.26,480.49,0.594291,0.778242
2026-08-22T01:54:25.978423+00:00,New York City,0xeb9437a98c93f75d5cfd1ba36ad11563996c7b48b7722457978ebe12cbea60f3,Will the lowest temperature in New York City be between 70-71°F on August 22?,True,False,2026-08-22,2026-08-21,193.422114,191.95152699999997,154.8815,,"{""Yes"": 0.24, ""No"": 0.76}","[""90335072572473530532445096481344729704494866468199046823791889372819977574128"", ""83090340422046528949177736108663528002668483123667297806592548039819000596025""]",1787364094694,0.06,0.72,0.28,0.94,463.11,483.18,0.568958,0.953013
2026-08-22T01:54:25.978432+00:00,New York City,0xbde966425cdd788bd024982a5ee0e119a159c88c0443add283d42df0a493c31b,Will the lowest temperature in New York City be between 72-73°F on August 22?,True,False,2026-08-22,2026-08-21,152.4,152.4,192.555,,"{""Yes"": 0.06, ""No"": 0.94}","[""77348581478469193025373299675539767896079436532791539162461001183884931566275"", ""25718091385299197858687993541357133666433211818732057358057946891320711386520""]",1787364094700,0.03,0.91,0.09,0.97,805.23,341.56,0.464072,0.980392
2026-08-22T01:54:25.978441+00:00,New York City,0xba96e05af67328c367c660e00a49e84879175db0aa8dda26078624372a685c2e,Will the lowest temperature in New York City be between 74-75°F on August 22?,True,False,2026-08-22,2026-08-21,326.04,326.04,668.17282,,"{""Yes"": 0.0055, ""No"": 0.9945}","[""19535018881362563194304737615410708838997688466633096387809969256217446161129"", ""39876616032408383185314067220007911162055542005557097175729260358462038899765""]",1787364094693,0.001,0.99,0.01,0.999,6446.33,119.92,0.199949,0.999
2026-08-22T01:54:25.978449+00:00,New York City,0xc24073a4e63982d8ed1b569ff89ce337c1e6c14e14e3546affbea9d617643e75,Will the lowest temperature in New York City be between 76-77°F on August 22?,True,False,2026-08-22,2026-08-21,184.0,184.0,2264.86179,,"{""Yes"": 0.0005, ""No"": 0.9995}","[""86814143036964066695108823197756480372562391896588142422103788090182359176122"", ""66590717440993268935187443317507451587097336853789459429433486685779409405047""]",1787364094693,,0.999,0.001,,5205.76,0.0,0.069495,
2026-08-22T01:54:25.978458+00:00,New York City,0x4115b736021acabd1cb943facdc67ba9d7266368233e8580fdd802562333a36e,Will the lowest temperature in New York City be 78°F or higher on August 22?,True,False,2026-08-22,2026-08-21,174.0,174.0,3151.7385,,"{""Yes"": 0.0005, ""No"": 0.9995}","[""82225531464765892409447886498262082024313588109407190388031720876269319106258"", ""74548726440436727656651188714024117760858455945047034132131889162404588900475""]",1787364109896,,0.999,0.001,,4878.8,0.0,0.050663,
2026-08-22T01:54:25.978467+00:00,New York City,0x60e023fc412734dce63432c5e2ec69e609eeb7b86a96351577591431753b5fb5,Will the highest temperature in New York City be 67°F or below on August 22?,True,False,2026-08-22,2026-08-21,2491.437,2491.437,3707.84425,,"{""Yes"": 0.0005, ""No"": 0.9995}","[""58968776578131649117981021315210454022108642050324490888229625074165333799511"", ""41292985683615773710167809043078841084013491213403163839637002881120847403486""]",1787364107480,,0.999,0.001,,15133.54,0.0,0.043131,
2026-08-22T01:54:25.978477+00:00,New York City,0x942d5d8929fcffed966774106f730d780db56b5115c2393001dfaffb7183083a,Will the highest temperature in New York City be between 68-69°F on August 22?,True,False,2026-08-22,2026-08-21,2368.0052000000005,2363.0052,3008.00633,,"{""Yes"": 0.0015, ""No"": 0.9985}","[""84961300753189087718453506028435441023757547801371175621706860012430249562729"", ""28516945579299192627698888404531229365159323903892974075223308204806776744087""]",1787364107551,0.001,0.998,0.002,0.999,26121.07,2697.93,0.058886,0.999
2026-08-22T01:54:25.978487+00:00,New York City,0x25ce1b7b7387148c413ee3f291856179ed1cc51904837697c67a656f5f7c6550,Will the highest temperature in New York City be between 70-71°F on August 22?,True,False,2026-08-22,2026-08-21,3166.5165409999995,3161.516541,5132.41715,,"{""Yes"": 0.0105, ""No"": 0.9895}","[""98445577116205349494970594520006863753161724146388949535409280517965398256379"", ""52252001268139384492752364493136390733312855094828301203114436930170445408996""]",1787364107685,0.01,0.989,0.011,0.99,30022.83,371.74,0.062926,0.996601
2026-08-22T01:54:25.978495+00:00,New York City,0xe2d07c37d90dc585543f6a8eb8f35a6d773d9f66f5755a29f3e79d294cdede19,Will the highest temperature in New York City be between 72-73°F on August 22?,True,False,2026-08-22,2026-08-21,1597.635076,1584.523966,4090.8533,,"{""Yes"": 0.055, ""No"": 0.945}","[""114220303114617076912409921892040505656619131332387439130287480860707576745909"", ""13236288524812527820040865773156239659533617217184028146960115964622087322138""]",1787364107578,0.05,0.94,0.06,0.95,12330.78,4330.93,0.113908,0.956985
2026-08-22T01:54:25.978504+00:00,New York City,0x6727f7f15d2b8ea1f006316669329f60dd0ab606804001e1dbca2dbd9b2dfa5c,Will the highest temperature in New York City be between 74-75°F on August 22?,True,False,2026-08-22,2026-08-21,4991.932360999999,4980.821251,3510.0792,,"{""Yes"": 0.265, ""No"": 0.735}","[""90081247998737697857319215891369197249427667829382780475732070333954048890030"", ""58103310499352188449263875038377397364480312690044039250975224628229161783444""]",1787364107682,0.25,0.72,0.28,0.75,12161.08,3322.48,0.302458,0.75
2026-08-22T01:54:25.978512+00:00,New York City,0x7006795b6e514c73ff43ff60ef2a19cff95a577e95beda17cd301995695383d7,Will the highest temperature in New York City be between 76-77°F on August 22?,True,False,2026-08-22,2026-08-21,2399.867522999999,2390.329063,2304.9312,,"{""Yes"": 0.445, ""No"": 0.555}","[""51395141563796878258814105826509377342667166367686163704949255870609779201923"", ""50000293278698818965769428661779246637782788825829140395290118342754901858104""]",1787364107489,0.44,0.55,0.45,0.56,11257.7,2612.07,0.461985,0.571548
2026-08-22T01:54:25.978520+00:00,New York City,0x6e378c63553894bcef76fcec43468bcb44381ebd38714f4d422fc812d9861364,Will the highest temperature in New York City be between 78-79°F on August 22?,True,False,2026-08-22,2026-08-21,4051.016523,4051.016523,2841.0792,,"{""Yes"": 0.205, ""No"": 0.795}","[""83791725590918781771172010388732187290846129006883104378432893557012227941485"", ""10888944644112166978679204926526714075321060019023309634645096996066942947028""]",1787364107685,0.22,0.75,0.25,0.78,13432.21,3314.73,0.270206,0.78
2026-08-22T01:54:25.978528+00:00,New York City,0x258d8e49414b645925e1525e4731d67f4121e13158a22078c77e935fa828776a,Will the highest temperature in New York City be between 80-81°F on August 22?,True,False,2026-08-22,2026-08-21,4045.621398,4040.876732,3961.05035,,"{""Yes"": 0.025, ""No"": 0.975}","[""81398495580226134126340144488134510473693886599282393729088984636977861277750"", ""101162327800347123206682925721698241104250753673368978572687582424157202081976""]",1787364107687,0.02,0.97,0.03,0.98,35007.77,1397.05,0.096937,0.98
2026-08-22T01:54:25.978537+00:00,New York City,0xe73b08187095283569e9a87dd424921002c74bcd681135800db6930184f116df,Will the highest temperature in New York City be between 82-83°F on August 22?,True,False,2026-08-22,2026-08-21,1364.703405,1359.703405,4823.80792,,"{""Yes"": 0.006, ""No"": 0.994}","[""91237721705643528495040541693062976800336043664250418638214660931067071210350"", ""75202635143193836646670253443450412825867995093768447209082447765313777913441""]",1787364107552,0.002,0.99,0.01,0.998,32304.21,480.25,0.04347,0.998002
2026-08-22T01:54:25.978545+00:00,New York City,0xa416a8b75e923ab23c6ad6babfc8a5da546c916c38a0bd86b062a5014a9b8cb4,Will the highest temperature in New York City be between 84-85°F on August 22?,True,False,2026-08-22,2026-08-21,475.986,470.986,2857.86795,,"{""Yes"": 0.0005, ""No"": 0.9995}","[""32360688754587735790786636279225748224694138602650279984483573554774374694175"", ""26482122304855412186853138691363032087124653199807408125248748200267488038488""]",1787364107482,,0.999,0.001,,11601.33,0.0,0.060831,
2026-08-22T01:54:25.978553+00:00,New York City,0x9ab60f8814fed31200b36bd471d321d08231ab90b7ba3374f33ffb27b937d95d,Will the highest temperature in New York City be 86°F or higher on August 22?,True,False,2026-08-22,2026-08-21,485.74100000000004,399.74100000000004,3507.82728,,"{""Yes"": 0.0005, ""No"": 0.9995}","[""90802258199338684283763723709032693428714550902326081212921238210093757590330"", ""33198940399963249879376800329359855327762908607906799967233256383860226344780""]",1787364107481,,0.999,0.001,,5018.41,0.0,0.044503,
2026-08-22T03:11:10.478980+00:00,New York City,0xa278765b8380565cb0fe03703de367d727f657e0f097d40e11f3abcc9f1274e9,Will the lowest temperature in New York City be 57°F or below on August 21?,True,False,2026-08-21,2026-08-20,1238.229716,780.1397159999999,1159.69096,,"{""Yes"": 0.0005, ""No"": 0.9995}","[""112398339607670370517854235669137394730896549659796119699202278172511946244433"", ""4983702833247982312590080112613932124875000188830381489285891531957874058513""]",1787368583397,,0.999,0.001,,4235.76,0.0,0.08541,
2026-08-22T03:11:10.479010+00:00,New York City,0xfef1c8efa4936e7c389b6d08e78ee3ed56be838b0ebeda5f3c2af74345f7fea7,Will the lowest temperature in New York City be between 58-59°F on August 21?,True,False,2026-08-21,2026-08-20,1021.6175499999999,652.54775,1126.66384,,"{""Yes"": 0.0005, ""No"": 0.9995}","[""26810936525541019155615665620699109004462462618504652818126335781756200375555"", ""76097450077755063284196707304192738738717229523065068462945796534211636477581""]",1787368578195,,0.999,0.001,,4192.91,0.0,0.088464,
2026-08-22T03:11:10.479021+00:00,New York City,0x2a57c12d5070b7b1d7fc92f8610841b84c209195bb13d9173f39975d0c5b2f94,Will the lowest temperature in New York City be between 60-61°F on August 21?,True,False,2026-08-21,2026-08-20,1150.089614,688.529355,861.9711,,"{""Yes"": 0.0015, ""No"": 0.9985}","[""106764581976073377667590787678520805612507890376837631786328809501394763269298"", ""92649759958544834717860934939675928204465697888323911513355543250769887285617""]",1787368639709,,0.997,0.003,,4197.36,0.0,0.112929,
2026-08-22T03:11:10.479033+00:00,New York City,0xbf51f4e17f1adf77d91b3dc45df4806d05822f5fde90e975884276f1d3b1b266,Will the lowest temperature in New York City be between 62-63°F on August 21?,True,False,2026-08-21,2026-08-20,1115.7868720000001,481.747141,1906.0147,,"{""Yes"": 0.0005, ""No"": 0.9995}","[""101021711302807485223237388132297616266621770248233964724766745927658736928125"", ""22714966867577018528092346607195111876341324806301043000535308558845506128888""]",1787368624001,,0.999,0.001,,5980.14,0.0,0.09185,
2026-08-22T03:11:10.479044+00:00,New York City,0x871f811c4fafa5d115509927fc793fccaa855041799afcfeb1ebfc9a304e96ab,Will the lowest temperature in New York City be between 64-65°F on August 21?,True,False,2026-08-21,2026-08-20,1918.3768519999996,1096.9650450000001,1757.79207,,"{""Yes"": 0.9995, ""No"": 0.0005}","[""24705314942523294221241203673984418967521493431112648352021471806871679845264"", ""42323435536840415480309266439521197298037530187769322776269769149330172379382""]",1787368605000,0.999,,,0.001,0.0,6384.69,,0.107608
2026-08-22T03:11:10.479053+00:00,New York City,0xe04c214072d94b2dbdb37e0b332496c301ac19b2f9cddeab0001844922d8ee6c,Will the lowest temperature in New York City be between 66-67°F on August 21?,True,False,2026-08-21,2026-08-20,3979.1136679999995,3443.780534,1576.20879,,"{""Yes"": 0.001, ""No"": 0.999}","[""109296009432801388040785260403408375946367288455114104916818005909258463119328"", ""33209754831623043380735497900672096737760937888613703213714377639040087197926""]",1787368639960,,0.998,0.002,,4200.65,0.0,0.063446,
2026-08-22T03:11:10.479062+00:00,New York City,0xbf7039811e67df6289a9784b0f53af12c389f1c2f3ce180c945fafbfaf1c42da,Will the lowest temperature in New York City be between 68-69°F on August 21?,True,False,2026-08-21,2026-08-20,2764.781415,1971.6550520000003,1573.84587,,"{""Yes"": 0.001, ""No"": 0.999}","[""36024167461465464854880354186201332233513214659054348692516673816163981012817"", ""42815594185958366190631220178644053325835771878461531870203018573311645179024""]",1787368413392,,0.998,0.002,,4184.17,0.0,0.062655,
2026-08-22T03:11:10.479070+00:00,New York City,0x4439b91c2ccb5550f3e9387d66e6667ec94ebdc2ab45f2569c93b5b43962fa8b,Will the lowest temperature in New York City be between 70-71°F on August 21?,True,False,2026-08-21,2026-08-20,2163.940492,1442.077047,2744.91214,,"{""Yes"": 0.0005, ""No"": 0.9995}","[""110191247834384318231391184069759118678073494159560501415586447847243349781058"", ""90417660066297998624915243003245824234714615293665194147498610609081846505871""]",1787368449844,,0.999,0.001,,4195.0,0.0,0.036274,
2026-08-22T03:11:10.479078+00:00,New York City,0x67e14206be247ccf933f2345f20efbe49393c8f6456340cc3885bc280aee2895,Will the lowest temperature in New York City be between 72-73°F on August 21?,True,False,2026-08-21,2026-08-20,1345.69803,776.508697,2763.18956,,"{""Yes"": 0.0005, ""No"": 0.9995}","[""109949716686637303138081381706017579041414074386077192515878287932603737670033"", ""93319457840544898982465567634999493441006442893402883094242107315756703101436""]",1787368443390,,0.999,0.001,,4205.85,0.0,0.03606,
2026-08-22T03:11:10.479085+00:00,New York City,0xf08f941617d5822c1b12c3d22821b6bbad2687b8102fc28e6365f77a058a46ad,Will the lowest temperature in New York City be between 74-75°F on August 21?,True,False,2026-08-21,2026-08-20,263.0,15.0,3332.51374,,"{""Yes"": 0.0005, ""No"": 0.9995}","[""10101773201441778633075378272449468462195006092477710208205263273246457479650"", ""86920768644970346807402958904025878498390543564448960101824605718475295088629""]",1787368623391,,0.999,0.001,,4232.69,0.0,0.029886,
2026-08-22T03:11:10.479092+00:00,New York City,0x0612f67e8be614aad8cbcb6088ff752417a98301d29e937f0d4fd8eeb4782be2,Will the lowest temperature in New York City be 76°F or higher on August 21?,True,False,2026-08-21,2026-08-20,168.0,0.0,3732.60579,,"{""Yes"": 0.0005, ""No"": 0.9995}","[""8201385039766498671782035207852759597002268765911894535274188882085893451807"", ""68406317155187960688676584869877875467631501951322174724139409345423149580519""]",1787368039816,,0.999,0.001,,4215.67,0.0,0.026767,
2026-08-22T03:11:10.479100+00:00,New York City,0xfc4451e983e3b5cbe8c77dff0f73a0dcbcb6169d393fd89d4e5803616844caf8,Will the highest temperature in New York City be 71°F or below on August 21?,True,False,2026-08-21,2026-08-20,27570.463035999997,17294.031,30453.81769,,"{""Yes"": 0.0005, ""No"": 0.9995}","[""57509004811760585679779884766363802407814208901577421228791528838723580988625"", ""112708801016312585495732238004024675398219448520908449028719881533266553087978""]",1787368644223,,0.999,0.001,,4367.09,0.0,0.003296,
2026-08-22T03:11:10.479108+00:00,New York City,0x6a53f0209c9752fca4d36b8cc1174301c6a8d31f68caa924790b078a8fa71b80,Will the highest temperature in New York City be between 72-73°F on August 21?,True,False,2026-08-21,2026-08-20,8265.382669,6854.559799,28818.5891,,"{""Yes"": 0.0005, ""No"": 0.9995}","[""34951419725171646739053920332432626776847369312270763991331190218959626573382"", ""60627138073997621935478555140540535081487020691473947257731663321927085430454""]",1787368644227,,0.999,0.001,,4386.26,0.0,0.003484,
2026-08-22T03:11:10.479116+00:00,New York City,0x580ef87adb38363abbb31aef6a85f5f6e11675608149027b074f23c91759d94d,Will the highest temperature in New York City be between 74-75°F on August 21?,True,False,2026-08-21,2026-08-20,8880.612867999998,5516.731135999999,31250.95611,,"{""Yes"": 0.0005, ""No"": 0.9995}","[""37569064792085299106622857597867816794699430570356971293786243661039162007251"", ""875955082800387553688269857314300044071625838824498905926779860441929516090""]",1787368644228,,0.999,0.001,,4438.65,0.0,0.00322,
2026-08-22T03:11:10.479125+00:00,New York City,0xca06ff397ff4859feb63da998598de6f73fc8b6b81d1ba4c0c42a14adc91174e,Will the highest temperature in New York City be between 76-77°F on August 21?,True,False,2026-08-21,2026-08-20,11598.125379000001,8998.006873,30415.28758,,"{""Yes"": 0.0005, ""No"": 0.9995}","[""69728840228768278726671847174669977890603473434215492785018941124211359898770"", ""99716010008671880564955402618549826868409937239382588959236843673643621298584""]",1787368644221,,0.999,0.001,,4389.33,0.0,0.003304,
2026-08-22T03:11:10.479133+00:00,New York City,0xd0c84edb7e74e92fd39be778c44865731687b65d638910bb83d7fbc9a165df0e,Will the highest temperature in New York City be between 78-79°F on August 21?,True,False,2026-08-21,2026-08-20,9136.011509000005,7319.494652999999,8917.93632,,"{""Yes"": 0.9995, ""No"": 0.0005}","[""76972691575375776622763898899359353691366989820502489375370490919186567032112"", ""38931263409238029997364259580157611919622293941337104332679565630850124844830""]",1787368645894,0.999,,,0.001,0.0,4899.75,,0.011243
2026-08-22T03:11:10.479141+00:00,New York City,0xc3ec6f57cdcfbc696bef989386589159124106f1200ac7975b5e0c66a746a872,Will the highest temperature in New York City be between 80-81°F on August 21?,True,False,2026-08-21,2026-08-20,10325.465277,6936.265699,9277.06995,,"{""Yes"": 0.0005, ""No"": 0.9995}","[""22261184741509512235819032399653905922593488767289818372282625372023361117789"", ""20966310267981320840941682364298055072599437523545589036556794181248631763922""]",1787368644230,,0.999,0.001,,4425.14,0.0,0.010754,
2026-08-22T03:11:10.479149+00:00,New York City,0x3339a655e54485128d49a1aec58bc5e01fe59f9470264617a068be70c6bfab10,Will the highest temperature in New York City be between 82-83°F on August 21?,True,False,2026-08-21,2026-08-20,8124.509669999999,5839.766980000001,11986.12878,,"{""Yes"": 0.0005, ""No"": 0.9995}","[""66731952720059477902724656455641836439854705020076119994812769982434484234094"", ""107877288162170880382808751151586485650956834476627104880179002601207948915811""]",1787368644222,,0.999,0.001,,4358.33,0.0,0.008356,
2026-08-22T03:11:10.479156+00:00,New York City,0xf139160808f372fb207cbfaebd808253b00be96ff0fb15ee22d69bfb364ca8e5,Will the highest temperature in New York City be between 84-85°F on August 21?,True,False,2026-08-21,2026-08-20,5251.954985,2339.4331359999996,12945.48509,,"{""Yes"": 0.0005, ""No"": 0.9995}","[""50477385176176751990182824325362428318437173596878430050507031980941213556958"", ""80686756466505406147611423866487000267508620770828424523611022089811414577942""]",1787368644225,,0.999,0.001,,4321.73,0.0,0.007715,
2026-08-22T03:11:10.479164+00:00,New York City,0x93986a80ca241b0047dfe439ad34406ebef75553ac368c05d9ee68b467b8ffb0,Will the highest temperature in New York City be between 86-87°F on August 21?,True,False,2026-08-21,2026-08-20,2333.6170620000003,960.541362,11043.87548,,"{""Yes"": 0.0005, ""No"": 0.9995}","[""6363830182453017465116590167964874808305251209169254274978086772283844111288"", ""46402404556892665526377643842269519591048820887847030258413793066565147347007""]",1787368644226,,0.999,0.001,,4331.35,0.0,0.009048,
2026-08-22T03:11:10.479172+00:00,New York City,0xe95e14610ed415a84bca01391a7f53ae8a979cb97a9a7a38ae24a50993f86800,Will the highest temperature in New York City be between 88-89°F on August 21?,True,False,2026-08-21,2026-08-20,1712.4581580000001,113.68,11764.42396,,"{""Yes"": 0.0005, ""No"": 0.9995}","[""48327243403120900144386287458520948784251721599902162161041144218549387540504"", ""52958904155727569834093753168032223533659319937310191588618193539767171104850""]",1787368644221,,0.999,0.001,,4310.58,0.0,0.008488,
2026-08-22T03:11:10.479180+00:00,New York City,0x2ca5badeaff5b04877b6e1ca1876b46617ed6f4bec1c3a6b42d977499806346a,Will the highest temperature in New York City be 90°F or higher on August 21?,True,False,2026-08-21,2026-08-20,1186.661,80.0,14555.05312,,"{""Yes"": 0.0005, ""No"": 0.9995}","[""69140857885582981911338373838756047524191271859900407007335347861632529715122"", ""6671537737991612433344196700060451666482062004970859694264532966278040624398""]",1787368644224,,0.999,0.001,,4414.52,0.0,0.007233,
2026-08-22T03:11:10.479188+00:00,New York City,0x54dcc4454625f5f1d334566744d9096a1149874f5d960db58b831a74e095b5d5,Will the lowest temperature in New York City be 59°F or below on August 22?,True,False,2026-08-22,2026-08-21,214.018,214.018,1448.04347,,"{""Yes"": 0.0005, ""No"": 0.9995}","[""22176085656247966028331551853638107537470051324335055789558369382929683210343"", ""2267978970326297723553940601314171628859636069224705401708236892850840788574""]",1787368549794,,0.999,0.001,,8746.26,0.0,0.085298,
2026-08-22T03:11:10.479196+00:00,New York City,0x4a329c3c83c03df36dfab693a263300d0681bdac863efe7f81c3271b59f75abd,Will the lowest temperature in New York City be between 60-61°F on August 22?,True,False,2026-08-22,2026-08-21,323.01599999999996,323.01599999999996,793.80024,,"{""Yes"": 0.0005, ""No"": 0.9995}","[""57167492078919856972518558145921607569548726888853941010667963281057213184432"", ""30525319886414391606885741506677872028934770762542779414612397146283819035961""]",1787368273611,,0.999,0.001,,4965.12,0.0,0.156823,
2026-08-22T03:11:10.479204+00:00,New York City,0xef097895a83907dbe3ec3e8d22545bffb5ac4b592dd6170a6eee80ca9cc293bb,Will the lowest temperature in New York City be between 62-63°F on August 22?,True,False,2026-08-22,2026-08-21,256.47,256.47,254.9584,,"{""Yes"": 0.02, ""No"": 0.98}","[""45681626258458280676213473424882847719722052069172846841022502505853622627439"", ""80011524950630074551789238568474286480241672837405698472638837569921200162148""]",1787368629803,,0.97,0.03,,2592.94,0.0,0.170308,
2026-08-22T03:11:10.479211+00:00,New York City,0x002fc34dd896077b110da622105033345a005b0acb6bd69b0822b3737cb65ddd,Will the lowest temperature in New York City be between 64-65°F on August 22?,True,False,2026-08-22,2026-08-21,62.04255,37.0,149.6154,,"{""Yes"": 0.055, ""No"": 0.945}","[""63773393739221834104651676663344121685573450563857634042856283335549537102653"", ""88033838603680297674698215778109359526350169078051715115814074079069409687995""]",1787368589800,0.02,0.92,0.08,0.98,607.34,128.08,0.461368,0.984987
2026-08-22T03:11:10.479218+00:00,New York City,0xfab18e113307d1f42049c66a1a92ace3e327dd10c09d0c19144bd71783463364,Will the lowest temperature in New York City be between 66-67°F on August 22?,True,False,2026-08-22,2026-08-21,178.329053,178.329053,135.1569,,"{""Yes"": 0.15, ""No"": 0.85}","[""92163698769008901414801228646341607937236816654571095417680419783334040742305"", ""79147634621270984375661486233617478153672859175960026083035358069964394312020""]",1787368564939,0.05,0.77,0.23,0.95,747.11,486.01,0.56696,0.963736
2026-08-22T03:11:10.479226+00:00,New York City,0x5dbe4930a2d69c3974d78c6f145e0ae7aef0afe859945440962589545d15c27e,Will the lowest temperature in New York City be between 68-69°F on August 22?,True,False,2026-08-22,2026-08-21,449.232011,449.232011,132.3609,,"{""Yes"": 0.49, ""No"": 0.51}","[""102161550546141171718592932188454213460635585161963173365335629871525879686627"", ""62248823643995751731227370875463031992607697617523717400611442648094026925537""]",1787368644178,0.46,0.48,0.52,0.54,601.38,521.27,0.694241,0.758214
2026-08-22T03:11:10.479233+00:00,New York City,0xeb9437a98c93f75d5cfd1ba36ad11563996c7b48b7722457978ebe12cbea60f3,Will the lowest temperature in New York City be between 70-71°F on August 22?,True,False,2026-08-22,2026-08-21,193.422114,191.95152699999997,95.6095,,"{""Yes"": 0.17, ""No"": 0.83}","[""90335072572473530532445096481344729704494866468199046823791889372819977574128"", ""83090340422046528949177736108663528002668483123667297806592548039819000596025""]",1787368577258,0.06,0.72,0.28,0.94,271.99,483.18,0.643848,0.953013
2026-08-22T03:11:10.479240+00:00,New York City,0xbde966425cdd788bd024982a5ee0e119a159c88c0443add283d42df0a493c31b,Will the lowest temperature in New York City be between 72-73°F on August 22?,True,False,2026-08-22,2026-08-21,152.4,152.4,155.195,,"{""Yes"": 0.06, ""No"": 0.94}","[""77348581478469193025373299675539767896079436532791539162461001183884931566275"", ""25718091385299197858687993541357133666433211818732057358057946891320711386520""]",1787368564908,0.03,0.91,0.09,0.97,615.58,341.56,0.49269,0.980392
2026-08-22T03:11:10.479247+00:00,New York City,0xba96e05af67328c367c660e00a49e84879175db0aa8dda26078624372a685c2e,Will the lowest temperature in New York City be between 74-75°F on August 22?,True,False,2026-08-22,2026-08-21,326.04,326.04,632.00304,,"{""Yes"": 0.0055, ""No"": 0.9945}","[""19535018881362563194304737615410708838997688466633096387809969256217446161129"", ""39876616032408383185314067220007911162055542005557097175729260358462038899765""]",1787368549794,0.001,0.99,0.01,0.999,6230.36,119.92,0.200542,0.999
2026-08-22T03:11:10.479254+00:00,New York City,0xc24073a4e63982d8ed1b569ff89ce337c1e6c14e14e3546affbea9d617643e75,Will the lowest temperature in New York City be between 76-77°F on August 22?,True,False,2026-08-22,2026-08-21,184.0,184.0,2239.47085,,"{""Yes"": 0.0005, ""No"": 0.9995}","[""86814143036964066695108823197756480372562391896588142422103788090182359176122"", ""66590717440993268935187443317507451587097336853789459429433486685779409405047""]",1787368643974,,0.999,0.001,,5524.85,0.0,0.074317,
2026-08-22T03:11:10.479261+00:00,New York City,0x4115b736021acabd1cb943facdc67ba9d7266368233e8580fdd802562333a36e,Will the lowest temperature in New York City be 78°F or higher on August 22?,True,False,2026-08-22,2026-08-21,174.0,174.0,2898.38444,,"{""Yes"": 0.0005, ""No"": 0.9995}","[""82225531464765892409447886498262082024313588109407190388031720876269319106258"", ""74548726440436727656651188714024117760858455945047034132131889162404588900475""]",1787368619794,,0.999,0.001,,5038.9,0.0,0.047636,
2026-08-22T03:11:10.479278+00:00,New York City,0x60e023fc412734dce63432c5e2ec69e609eeb7b86a96351577591431753b5fb5,Will the highest temperature in New York City be 67°F or below on August 22?,True,False,2026-08-22,2026-08-21,2491.437,2491.437,3888.82359,,"{""Yes"": 0.0005, ""No"": 0.9995}","[""58968776578131649117981021315210454022108642050324490888229625074165333799511"", ""41292985683615773710167809043078841084013491213403163839637002881120847403486""]",1787368640170,,0.999,0.001,,14760.82,0.0,0.036564,
2026-08-22T03:11:10.479285+00:00,New York City,0x942d5d8929fcffed966774106f730d780db56b5115c2393001dfaffb7183083a,Will the highest temperature in New York City be between 68-69°F on August 22?,True,False,2026-08-22,2026-08-21,2373.1652000000004,2368.1652000000004,3083.88101,,"{""Yes"": 0.0015, ""No"": 0.9985}","[""84961300753189087718453506028435441023757547801371175621706860012430249562729"", ""28516945579299192627698888404531229365159323903892974075223308204806776744087""]",1787368599043,0.001,0.998,0.002,0.999,25777.02,2655.94,0.056572,0.999
2026-08-22T03:11:10.479292+00:00,New York City,0x25ce1b7b7387148c413ee3f291856179ed1cc51904837697c67a656f5f7c6550,Will the highest temperature in New York City be between 70-71°F on August 22?,True,False,2026-08-22,2026-08-21,3176.5165409999995,3171.516541,4536.53524,,"{""Yes"": 0.006, ""No"": 0.994}","[""98445577116205349494970594520006863753161724146388949535409280517965398256379"", ""52252001268139384492752364493136390733312855094828301203114436930170445408996""]",1787368638999,0.003,0.991,0.009,0.997,29872.89,1689.3,0.06867,0.997
2026-08-22T03:11:10.479300+00:00,New York City,0xe2d07c37d90dc585543f6a8eb8f35a6d773d9f66f5755a29f3e79d294cdede19,Will the highest temperature in New York City be between 72-73°F on August 22?,True,False,2026-08-22,2026-08-21,1602.795076,1589.6839660000003,4543.7681,,"{""Yes"": 0.05, ""No"": 0.95}","[""114220303114617076912409921892040505656619131332387439130287480860707576745909"", ""13236288524812527820040865773156239659533617217184028146960115964622087322138""]",1787368604655,0.04,0.95,0.05,0.96,11094.9,5167.91,0.108421,0.96
2026-08-22T03:11:10.479307+00:00,New York City,0x6727f7f15d2b8ea1f006316669329f60dd0ab606804001e1dbca2dbd9b2dfa5c,Will the highest temperature in New York City be between 74-75°F on August 22?,True,False,2026-08-22,2026-08-21,5028.590738999999,5005.249745,3445.1445,,"{""Yes"": 0.25, ""No"": 0.75}","[""90081247998737697857319215891369197249427667829382780475732070333954048890030"", ""58103310499352188449263875038377397364480312690044039250975224628229161783444""]",1787368644691,0.25,0.74,0.26,0.75,12096.25,4553.42,0.276453,0.75
2026-08-22T03:11:10.479315+00:00,New York City,0x7006795b6e514c73ff43ff60ef2a19cff95a577e95beda17cd301995695383d7,Will the highest temperature in New York City be between 76-77°F on August 22?,True,False,2026-08-22,2026-08-21,2498.187522999999,2483.3104129999997,2395.0446,,"{""Yes"": 0.455, ""No"": 0.545}","[""51395141563796878258814105826509377342667166367686163704949255870609779201923"", ""50000293278698818965769428661779246637782788825829140395290118342754901858104""]",1787368634662,0.46,0.52,0.48,0.54,11770.86,3467.48,0.484073,0.550867
2026-08-22T03:11:10.479322+00:00,New York City,0x6e378c63553894bcef76fcec43468bcb44381ebd38714f4d422fc812d9861364,Will the highest temperature in New York City be between 78-79°F on August 22?,True,False,2026-08-22,2026-08-21,4215.485788,4204.990014,3060.9242,,"{""Yes"": 0.24, ""No"": 0.76}","[""83791725590918781771172010388732187290846129006883104378432893557012227941485"", ""10888944644112166978679204926526714075321060019023309634645096996066942947028""]",1787368599968,0.22,0.76,0.24,0.78,12981.54,3890.06,0.256132,0.78
2026-08-22T03:11:10.479329+00:00,New York City,0x258d8e49414b645925e1525e4731d67f4121e13158a22078c77e935fa828776a,Will the highest temperature in New York City be between 80-81°F on August 22?,True,False,2026-08-22,2026-08-21,4063.781398,4059.0367320000005,4890.12233,,"{""Yes"": 0.025, ""No"": 0.975}","[""81398495580226134126340144488134510473693886599282393729088984636977861277750"", ""101162327800347123206682925721698241104250753673368978572687582424157202081976""]",1787368599166,0.02,0.97,0.03,0.98,36320.54,1186.2,0.09895,0.98
2026-08-22T03:11:10.479335+00:00,New York City,0xe73b08187095283569e9a87dd424921002c74bcd681135800db6930184f116df,Will the highest temperature in New York City be between 82-83°F on August 22?,True,False,2026-08-22,2026-08-21,1369.863405,1343.053405,6868.55429,,"{""Yes"": 0.0045, ""No"": 0.9955}","[""91237721705643528495040541693062976800336043664250418638214660931067071210350"", ""75202635143193836646670253443450412825867995093768447209082447765313777913441""]",1787368634823,0.001,0.992,0.008,0.999,30350.5,193.77,0.04499,0.999
2026-08-22T03:11:10.479342+00:00,New York City,0xa416a8b75e923ab23c6ad6babfc8a5da546c916c38a0bd86b062a5014a9b8cb4,Will the highest temperature in New York City be between 84-85°F on August 22?,True,False,2026-08-22,2026-08-21,475.986,470.986,2794.76706,,"{""Yes"": 0.0005, ""No"": 0.9995}","[""32360688754587735790786636279225748224694138602650279984483573554774374694175"", ""26482122304855412186853138691363032087124653199807408125248748200267488038488""]",1787368610000,,0.999,0.001,,11159.47,0.0,0.05201,
2026-08-22T03:11:10.479350+00:00,New York City,0x9ab60f8814fed31200b36bd471d321d08231ab90b7ba3374f33ffb27b937d95d,Will the highest temperature in New York City be 86°F or higher on August 22?,True,False,2026-08-22,2026-08-21,485.74100000000004,399.74100000000004,3618.95987,,"{""Yes"": 0.0005, ""No"": 0.9995}","[""90802258199338684283763723709032693428714550902326081212921238210093757590330"", ""33198940399963249879376800329359855327762908607906799967233256383860226344780""]",1787368599043,,0.999,0.001,,4758.69,0.0,0.038717,
2026-08-22T03:59:45.776507+00:00,New York City,0xa278765b8380565cb0fe03703de367d727f657e0f097d40e11f3abcc9f1274e9,Will the lowest temperature in New York City be 57°F or below on August 21?,True,False,2026-08-21,2026-08-20,1238.229716,715.1397159999999,985.8592,,"{""Yes"": 0.0005, ""No"": 0.9995}","[""112398339607670370517854235669137394730896549659796119699202278172511946244433"", ""4983702833247982312590080112613932124875000188830381489285891531957874058513""]",1787371526188,,0.999,0.001,,4096.61,0.0,0.082777,
2026-08-22T03:59:45.776553+00:00,New York City,0xfef1c8efa4936e7c389b6d08e78ee3ed56be838b0ebeda5f3c2af74345f7fea7,Will the lowest temperature in New York City be between 58-59°F on August 21?,True,False,2026-08-21,2026-08-20,1021.6175500000002,652.54775,958.04743,,"{""Yes"": 0.0005, ""No"": 0.9995}","[""26810936525541019155615665620699109004462462618504652818126335781756200375555"", ""76097450077755063284196707304192738738717229523065068462945796534211636477581""]",1787371526188,,0.999,0.001,,4021.42,0.0,0.088162,
2026-08-22T03:59:45.776611+00:00,New York City,0x2a57c12d5070b7b1d7fc92f8610841b84c209195bb13d9173f39975d0c5b2f94,Will the lowest temperature in New York City be between 60-61°F on August 21?,True,False,2026-08-21,2026-08-20,1150.089614,652.447571,703.17142,,"{""Yes"": 0.0015, ""No"": 0.9985}","[""106764581976073377667590787678520805612507890376837631786328809501394763269298"", ""92649759958544834717860934939675928204465697888323911513355543250769887285617""]",1787371545814,,0.997,0.003,,4097.24,0.0,0.099856,
2026-08-22T03:59:45.776635+00:00,New York City,0xbf51f4e17f1adf77d91b3dc45df4806d05822f5fde90e975884276f1d3b1b266,Will the lowest temperature in New York City be between 62-63°F on August 21?,True,False,2026-08-21,2026-08-20,1374.266872,732.87,578.17518,,"{""Yes"": 0.0005, ""No"": 0.9995}","[""101021711302807485223237388132297616266621770248233964724766745927658736928125"", ""22714966867577018528092346607195111876341324806301043000535308558845506128888""]",1787371544585,,0.999,0.001,,5879.15,0.0,0.115775,
2026-08-22T03:59:45.776670+00:00,New York City,0x871f811c4fafa5d115509927fc793fccaa855041799afcfeb1ebfc9a304e96ab,Will the lowest temperature in New York City be between 64-65°F on August 21?,True,False,2026-08-21,2026-08-20,1918.3768519999996,1066.075045,354.23902,,"{""Yes"": 0.9955, ""No"": 0.0045}","[""24705314942523294221241203673984418967521493431112648352021471806871679845264"", ""42323435536840415480309266439521197298037530187769322776269769149330172379382""]",1787371548306,0.991,,,0.009,0.0,6231.12,,0.141714
2026-08-22T03:59:45.776699+00:00,New York City,0xe04c214072d94b2dbdb37e0b332496c301ac19b2f9cddeab0001844922d8ee6c,Will the lowest temperature in New York City be between 66-67°F on August 21?,True,False,2026-08-21,2026-08-20,3979.113667999999,3218.640773000001,1379.1548,,"{""Yes"": 0.001, ""No"": 0.999}","[""109296009432801388040785260403408375946367288455114104916818005909258463119328"", ""33209754831623043380735497900672096737760937888613703213714377639040087197926""]",1787371526188,,0.998,0.002,,4099.47,0.0,0.072276,
2026-08-22T03:59:45.776722+00:00,New York City,0xbf7039811e67df6289a9784b0f53af12c389f1c2f3ce180c945fafbfaf1c42da,Will the lowest temperature in New York City be between 68-69°F on August 21?,True,False,2026-08-21,2026-08-20,2764.7814149999995,1952.7050519999998,1389.43587,,"{""Yes"": 0.001, ""No"": 0.999}","[""36024167461465464854880354186201332233513214659054348692516673816163981012817"", ""42815594185958366190631220178644053325835771878461531870203018573311645179024""]",1787371526188,,0.998,0.002,,4081.7,0.0,0.071804,
2026-08-22T03:59:45.776746+00:00,New York City,0x4439b91c2ccb5550f3e9387d66e6667ec94ebdc2ab45f2569c93b5b43962fa8b,Will the lowest temperature in New York City be between 70-71°F on August 21?,True,False,2026-08-21,2026-08-20,2163.9404919999997,1442.077047,2559.93231,,"{""Yes"": 0.0005, ""No"": 0.9995}","[""110191247834384318231391184069759118678073494159560501415586447847243349781058"", ""90417660066297998624915243003245824234714615293665194147498610609081846505871""]",1787371526188,,0.999,0.001,,4095.49,0.0,0.039019,
2026-08-22T03:59:45.776772+00:00,New York City,0x67e14206be247ccf933f2345f20efbe49393c8f6456340cc3885bc280aee2895,Will the lowest temperature in New York City be between 72-73°F on August 21?,True,False,2026-08-21,2026-08-20,1345.69803,776.508697,2607.31432,,"{""Yes"": 0.0005, ""No"": 0.9995}","[""109949716686637303138081381706017579041414074386077192515878287932603737670033"", ""93319457840544898982465567634999493441006442893402883094242107315756703101436""]",1787371526188,,0.999,0.001,,4075.26,0.0,0.038304,
2026-08-22T03:59:45.776787+00:00,New York City,0xf08f941617d5822c1b12c3d22821b6bbad2687b8102fc28e6365f77a058a46ad,Will the lowest temperature in New York City be between 74-75°F on August 21?,True,False,2026-08-21,2026-08-20,263.0,15.0,3147.19386,,"{""Yes"": 0.0005, ""No"": 0.9995}","[""10101773201441778633075378272449468462195006092477710208205263273246457479650"", ""86920768644970346807402958904025878498390543564448960101824605718475295088629""]",1787371526188,,0.999,0.001,,4055.85,0.0,0.03172,
2026-08-22T03:59:45.776801+00:00,New York City,0x0612f67e8be614aad8cbcb6088ff752417a98301d29e937f0d4fd8eeb4782be2,Will the lowest temperature in New York City be 76°F or higher on August 21?,True,False,2026-08-21,2026-08-20,168.0,0.0,3571.40669,,"{""Yes"": 0.0005, ""No"": 0.9995}","[""8201385039766498671782035207852759597002268765911894535274188882085893451807"", ""68406317155187960688676584869877875467631501951322174724139409345423149580519""]",1787371526188,,0.999,0.001,,4110.31,0.0,0.027978,
2026-08-22T03:59:45.776814+00:00,New York City,0xfc4451e983e3b5cbe8c77dff0f73a0dcbcb6169d393fd89d4e5803616844caf8,Will the highest temperature in New York City be 71°F or below on August 21?,True,False,2026-08-21,2026-08-20,27570.463036,16902.981,30283.76236,,"{""Yes"": 0.0005, ""No"": 0.9995}","[""57509004811760585679779884766363802407814208901577421228791528838723580988625"", ""112708801016312585495732238004024675398219448520908449028719881533266553087978""]",1787371526153,,0.999,0.001,,4296.42,0.0,0.0033,
2026-08-22T03:59:45.776826+00:00,New York City,0x6a53f0209c9752fca4d36b8cc1174301c6a8d31f68caa924790b078a8fa71b80,Will the highest temperature in New York City be between 72-73°F on August 21?,True,False,2026-08-21,2026-08-20,8355.382669,6944.559799,28639.62778,,"{""Yes"": 0.0005, ""No"": 0.9995}","[""34951419725171646739053920332432626776847369312270763991331190218959626573382"", ""60627138073997621935478555140540535081487020691473947257731663321927085430454""]",1787371526153,,0.999,0.001,,4279.75,0.0,0.00349,
2026-08-22T03:59:45.776838+00:00,New York City,0x580ef87adb38363abbb31aef6a85f5f6e11675608149027b074f23c91759d94d,Will the highest temperature in New York City be between 74-75°F on August 21?,True,False,2026-08-21,2026-08-20,8925.612868000002,5561.731135999999,31078.92489,,"{""Yes"": 0.0005, ""No"": 0.9995}","[""37569064792085299106622857597867816794699430570356971293786243661039162007251"", ""875955082800387553688269857314300044071625838824498905926779860441929516090""]",1787371526153,,0.999,0.001,,4353.73,0.0,0.003234,
2026-08-22T03:59:45.776849+00:00,New York City,0xca06ff397ff4859feb63da998598de6f73fc8b6b81d1ba4c0c42a14adc91174e,Will the highest temperature in New York City be between 76-77°F on August 21?,True,False,2026-08-21,2026-08-20,11613.125378999992,8994.644365,30237.80753,,"{""Yes"": 0.0005, ""No"": 0.9995}","[""69728840228768278726671847174669977890603473434215492785018941124211359898770"", ""99716010008671880564955402618549826868409937239382588959236843673643621298584""]",1787371526153,,0.999,0.001,,4301.36,0.0,0.003308,
2026-08-22T03:59:45.776860+00:00,New York City,0xd0c84edb7e74e92fd39be778c44865731687b65d638910bb83d7fbc9a165df0e,Will the highest temperature in New York City be between 78-79°F on August 21?,True,False,2026-08-21,2026-08-20,9174.001509,7331.0916210000005,8886.8844,,"{""Yes"": 0.9995, ""No"": 0.0005}","[""76972691575375776622763898899359353691366989820502489375370490919186567032112"", ""38931263409238029997364259580157611919622293941337104332679565630850124844830""]",1787371526153,0.999,,,0.001,0.0,4925.51,,0.011335
2026-08-22T03:59:45.776872+00:00,New York City,0xc3ec6f57cdcfbc696bef989386589159124106f1200ac7975b5e0c66a746a872,Will the highest temperature in New York City be between 80-81°F on August 21?,True,False,2026-08-21,2026-08-20,10330.475277000007,6931.425698999998,9122.76508,,"{""Yes"": 0.0005, ""No"": 0.9995}","[""22261184741509512235819032399653905922593488767289818372282625372023361117789"", ""20966310267981320840941682364298055072599437523545589036556794181248631763922""]",1787371545423,,0.999,0.001,,4392.08,0.0,0.010833,
2026-08-22T03:59:45.776884+00:00,New York City,0x3339a655e54485128d49a1aec58bc5e01fe59f9470264617a068be70c6bfab10,Will the highest temperature in New York City be between 82-83°F on August 21?,True,False,2026-08-21,2026-08-20,8124.509670000002,5820.449814,11815.51422,,"{""Yes"": 0.0005, ""No"": 0.9995}","[""66731952720059477902724656455641836439854705020076119994812769982434484234094"", ""107877288162170880382808751151586485650956834476627104880179002601207948915811""]",1787371526153,,0.999,0.001,,4231.7,0.0,0.008453,
2026-08-22T03:59:45.776895+00:00,New York City,0xf139160808f372fb207cbfaebd808253b00be96ff0fb15ee22d69bfb364ca8e5,Will the highest temperature in New York City be between 84-85°F on August 21?,True,False,2026-08-21,2026-08-20,5251.954985000001,2339.433136,12789.67619,,"{""Yes"": 0.0005, ""No"": 0.9995}","[""50477385176176751990182824325362428318437173596878430050507031980941213556958"", ""80686756466505406147611423866487000267508620770828424523611022089811414577942""]",1787371526153,,0.999,0.001,,4231.5,0.0,0.007781,
2026-08-22T03:59:45.776905+00:00,New York City,0x93986a80ca241b0047dfe439ad34406ebef75553ac368c05d9ee68b467b8ffb0,Will the highest temperature in New York City be between 86-87°F on August 21?,True,False,2026-08-21,2026-08-20,2333.617062,960.541362,10878.08684,,"{""Yes"": 0.0005, ""No"": 0.9995}","[""6363830182453017465116590167964874808305251209169254274978086772283844111288"", ""46402404556892665526377643842269519591048820887847030258413793066565147347007""]",1787371526153,,0.999,0.001,,4221.62,0.0,0.009124,
2026-08-22T03:59:45.776916+00:00,New York City,0xe95e14610ed415a84bca01391a7f53ae8a979cb97a9a7a38ae24a50993f86800,Will the highest temperature in New York City be between 88-89°F on August 21?,True,False,2026-08-21,2026-08-20,1712.458158,61.0,11608.62311,,"{""Yes"": 0.0005, ""No"": 0.9995}","[""48327243403120900144386287458520948784251721599902162161041144218549387540504"", ""52958904155727569834093753168032223533659319937310191588618193539767171104850""]",1787371526153,,0.999,0.001,,4231.8,0.0,0.008591,
2026-08-22T03:59:45.776927+00:00,New York City,0x2ca5badeaff5b04877b6e1ca1876b46617ed6f4bec1c3a6b42d977499806346a,Will the highest temperature in New York City be 90°F or higher on August 21?,True,False,2026-08-21,2026-08-20,1186.661,80.0,12461.14761,,"{""Yes"": 0.0005, ""No"": 0.9995}","[""69140857885582981911338373838756047524191271859900407007335347861632529715122"", ""6671537737991612433344196700060451666482062004970859694264532966278040624398""]",1787371526153,,0.999,0.001,,4289.01,0.0,0.008101,
2026-08-22T03:59:45.776937+00:00,New York City,0x54dcc4454625f5f1d334566744d9096a1149874f5d960db58b831a74e095b5d5,Will the lowest temperature in New York City be 59°F or below on August 22?,True,False,2026-08-22,2026-08-21,214.018,214.018,1732.10703,,"{""Yes"": 0.0005, ""No"": 0.9995}","[""22176085656247966028331551853638107537470051324335055789558369382929683210343"", ""2267978970326297723553940601314171628859636069224705401708236892850840788574""]",1787371239315,,0.999,0.001,,4154.26,0.0,0.099508,
2026-08-22T03:59:45.776948+00:00,New York City,0x4a329c3c83c03df36dfab693a263300d0681bdac863efe7f81c3271b59f75abd,Will the lowest temperature in New York City be between 60-61°F on August 22?,True,False,2026-08-22,2026-08-21,323.01599999999996,318.01599999999996,1103.99,,"{""Yes"": 0.0005, ""No"": 0.9995}","[""57167492078919856972518558145921607569548726888853941010667963281057213184432"", ""30525319886414391606885741506677872028934770762542779414612397146283819035961""]",1787371239803,,0.999,0.001,,4197.41,0.0,0.229471,
2026-08-22T03:59:45.776959+00:00,New York City,0xef097895a83907dbe3ec3e8d22545bffb5ac4b592dd6170a6eee80ca9cc293bb,Will the lowest temperature in New York City be between 62-63°F on August 22?,True,False,2026-08-22,2026-08-21,256.47,256.47,574.5614,,"{""Yes"": 0.015, ""No"": 0.985}","[""45681626258458280676213473424882847719722052069172846841022502505853622627439"", ""80011524950630074551789238568474286480241672837405698472638837569921200162148""]",1787371252000,,0.97,0.03,,2605.7,0.0,0.237566,
2026-08-22T03:59:45.776970+00:00,New York City,0x002fc34dd896077b110da622105033345a005b0acb6bd69b0822b3737cb65ddd,Will the lowest temperature in New York City be between 64-65°F on August 22?,True,False,2026-08-22,2026-08-21,174.47445,149.43189999999998,168.7804,,"{""Yes"": 0.05, ""No"": 0.95}","[""63773393739221834104651676663344121685573450563857634042856283335549537102653"", ""88033838603680297674698215778109359526350169078051715115814074079069409687995""]",1787371328506,0.02,0.92,0.08,0.98,614.13,128.08,0.444468,0.984987
2026-08-22T03:59:45.776982+00:00,New York City,0xfab18e113307d1f42049c66a1a92ace3e327dd10c09d0c19144bd71783463364,Will the lowest temperature in New York City be between 66-67°F on August 22?,True,False,2026-08-22,2026-08-21,178.329053,178.32905300000002,144.9859,,"{""Yes"": 0.14, ""No"": 0.86}","[""92163698769008901414801228646341607937236816654571095417680419783334040742305"", ""79147634621270984375661486233617478153672859175960026083035358069964394312020""]",1787371549089,0.06,0.78,0.22,0.94,614.34,492.93,0.523005,0.961824
2026-08-22T03:59:45.776996+00:00,New York City,0x5dbe4930a2d69c3974d78c6f145e0ae7aef0afe859945440962589545d15c27e,Will the lowest temperature in New York City be between 68-69°F on August 22?,True,False,2026-08-22,2026-08-21,454.232011,454.232011,112.86,,"{""Yes"": 0.51, ""No"": 0.49}","[""102161550546141171718592932188454213460635585161963173365335629871525879686627"", ""62248823643995751731227370875463031992607697617523717400611442648094026925537""]",1787371419803,0.48,0.46,0.54,0.52,728.36,527.8,0.673299,0.693717
2026-08-22T03:59:45.777008+00:00,New York City,0xeb9437a98c93f75d5cfd1ba36ad11563996c7b48b7722457978ebe12cbea60f3,Will the lowest temperature in New York City be between 70-71°F on August 22?,True,False,2026-08-22,2026-08-21,206.42211400000002,204.95152699999997,101.6105,,"{""Yes"": 0.3, ""No"": 0.7}","[""90335072572473530532445096481344729704494866468199046823791889372819977574128"", ""83090340422046528949177736108663528002668483123667297806592548039819000596025""]",1787371440955,0.26,0.66,0.34,0.74,316.22,486.42,0.492275,0.914808
2026-08-22T03:59:45.777019+00:00,New York City,0xbde966425cdd788bd024982a5ee0e119a159c88c0443add283d42df0a493c31b,Will the lowest temperature in New York City be between 72-73°F on August 22?,True,False,2026-08-22,2026-08-21,152.4,152.4,141.7392,,"{""Yes"": 0.06, ""No"": 0.94}","[""77348581478469193025373299675539767896079436532791539162461001183884931566275"", ""25718091385299197858687993541357133666433211818732057358057946891320711386520""]",1787371542573,0.03,0.91,0.09,0.97,609.68,334.13,0.497003,0.982604
2026-08-22T03:59:45.777029+00:00,New York City,0xba96e05af67328c367c660e00a49e84879175db0aa8dda26078624372a685c2e,Will the lowest temperature in New York City be between 74-75°F on August 22?,True,False,2026-08-22,2026-08-21,326.04,326.04,623.65688,,"{""Yes"": 0.0055, ""No"": 0.9945}","[""19535018881362563194304737615410708838997688466633096387809969256217446161129"", ""39876616032408383185314067220007911162055542005557097175729260358462038899765""]",1787371499796,0.001,0.99,0.01,0.999,665.05,119.92,0.262241,0.999
2026-08-22T03:59:45.777040+00:00,New York City,0xc24073a4e63982d8ed1b569ff89ce337c1e6c14e14e3546affbea9d617643e75,Will the lowest temperature in New York City be between 76-77°F on August 22?,True,False,2026-08-22,2026-08-21,184.0,184.0,2226.7588,,"{""Yes"": 0.0005, ""No"": 0.9995}","[""86814143036964066695108823197756480372562391896588142422103788090182359176122"", ""66590717440993268935187443317507451587097336853789459429433486685779409405047""]",1787371500001,,0.999,0.001,,4545.53,0.0,0.075434,
2026-08-22T03:59:45.777050+00:00,New York City,0x4115b736021acabd1cb943facdc67ba9d7266368233e8580fdd802562333a36e,Will the lowest temperature in New York City be 78°F or higher on August 22?,True,False,2026-08-22,2026-08-21,174.0,174.0,3090.42553,,"{""Yes"": 0.0005, ""No"": 0.9995}","[""82225531464765892409447886498262082024313588109407190388031720876269319106258"", ""74548726440436727656651188714024117760858455945047034132131889162404588900475""]",1787371501001,,0.999,0.001,,4192.9,0.0,0.052921,
2026-08-22T03:59:45.777060+00:00,New York City,0x60e023fc412734dce63432c5e2ec69e609eeb7b86a96351577591431753b5fb5,Will the highest temperature in New York City be 67°F or below on August 22?,True,False,2026-08-22,2026-08-21,2491.437,2491.437,3327.54664,,"{""Yes"": 0.0005, ""No"": 0.9995}","[""58968776578131649117981021315210454022108642050324490888229625074165333799511"", ""41292985683615773710167809043078841084013491213403163839637002881120847403486""]",1787371547042,,0.999,0.001,,14283.7,0.0,0.056943,
2026-08-22T03:59:45.777070+00:00,New York City,0x942d5d8929fcffed966774106f730d780db56b5115c2393001dfaffb7183083a,Will the highest temperature in New York City be between 68-69°F on August 22?,True,False,2026-08-22,2026-08-21,2547.1522000000004,2542.1522,2334.22769,,"{""Yes"": 0.0015, ""No"": 0.9985}","[""84961300753189087718453506028435441023757547801371175621706860012430249562729"", ""28516945579299192627698888404531229365159323903892974075223308204806776744087""]",1787371500001,0.001,0.998,0.002,0.999,25383.12,2568.91,0.080921,0.999
2026-08-22T03:59:45.777081+00:00,New York City,0x25ce1b7b7387148c413ee3f291856179ed1cc51904837697c67a656f5f7c6550,Will the highest temperature in New York City be between 70-71°F on August 22?,True,False,2026-08-22,2026-08-21,3350.4998739999987,3305.499874,4265.83337,,"{""Yes"": 0.006, ""No"": 0.994}","[""98445577116205349494970594520006863753161724146388949535409280517965398256379"", ""52252001268139384492752364493136390733312855094828301203114436930170445408996""]",1787371528621,0.003,0.991,0.009,0.997,35381.24,1452.69,0.095927,0.997
2026-08-22T03:59:45.777090+00:00,New York City,0xe2d07c37d90dc585543f6a8eb8f35a6d773d9f66f5755a29f3e79d294cdede19,Will the highest temperature in New York City be between 72-73°F on August 22?,True,False,2026-08-22,2026-08-21,1957.175076,1944.063966,3681.2743,,"{""Yes"": 0.055, ""No"": 0.945}","[""114220303114617076912409921892040505656619131332387439130287480860707576745909"", ""13236288524812527820040865773156239659533617217184028146960115964622087322138""]",1787371336454,0.04,0.94,0.06,0.96,12308.72,3926.86,0.183442,0.964026
2026-08-22T03:59:45.777101+00:00,New York City,0x6727f7f15d2b8ea1f006316669329f60dd0ab606804001e1dbca2dbd9b2dfa5c,Will the highest temperature in New York City be between 74-75°F on August 22?,True,False,2026-08-22,2026-08-21,5338.711788,5298.704129,2661.8075,,"{""Yes"": 0.255, ""No"": 0.745}","[""90081247998737697857319215891369197249427667829382780475732070333954048890030"", ""58103310499352188449263875038377397364480312690044039250975224628229161783444""]",1787371548266,0.24,0.75,0.25,0.76,13815.1,1854.73,0.255177,0.76
2026-08-22T03:59:45.777111+00:00,New York City,0x7006795b6e514c73ff43ff60ef2a19cff95a577e95beda17cd301995695383d7,Will the highest temperature in New York City be between 76-77°F on August 22?,True,False,2026-08-22,2026-08-21,3140.0185289999995,3111.103246,2871.4521,,"{""Yes"": 0.435, ""No"": 0.565}","[""51395141563796878258814105826509377342667166367686163704949255870609779201923"", ""50000293278698818965769428661779246637782788825829140395290118342754901858104""]",1787371546266,0.43,0.56,0.44,0.57,9269.14,892.72,0.44955,0.578673
2026-08-22T03:59:45.777121+00:00,New York City,0x6e378c63553894bcef76fcec43468bcb44381ebd38714f4d422fc812d9861364,Will the highest temperature in New York City be between 78-79°F on August 22?,True,False,2026-08-22,2026-08-21,4572.585982999999,4562.090209,3531.6122,,"{""Yes"": 0.25, ""No"": 0.75}","[""83791725590918781771172010388732187290846129006883104378432893557012227941485"", ""10888944644112166978679204926526714075321060019023309634645096996066942947028""]",1787371501168,0.24,0.74,0.26,0.76,13685.47,1248.38,0.26,0.776021
2026-08-22T03:59:45.777131+00:00,New York City,0x258d8e49414b645925e1525e4731d67f4121e13158a22078c77e935fa828776a,Will the highest temperature in New York City be between 80-81°F on August 22?,True,False,2026-08-22,2026-08-21,4276.768298,4272.023632,3741.39664,,"{""Yes"": 0.023, ""No"": 0.977}","[""81398495580226134126340144488134510473693886599282393729088984636977861277750"", ""101162327800347123206682925721698241104250753673368978572687582424157202081976""]",1787371500119,0.029,0.97,0.03,0.971,35266.53,1714.11,0.164487,0.972856
2026-08-22T03:59:45.777142+00:00,New York City,0xe73b08187095283569e9a87dd424921002c74bcd681135800db6930184f116df,Will the highest temperature in New York City be between 82-83°F on August 22?,True,False,2026-08-22,2026-08-21,1549.857257,1518.047257,5762.72294,,"{""Yes"": 0.0055, ""No"": 0.9945}","[""91237721705643528495040541693062976800336043664250418638214660931067071210350"", ""75202635143193836646670253443450412825867995093768447209082447765313777913441""]",1787371500208,0.002,0.991,0.009,0.998,38275.68,237.66,0.049709,0.998501
2026-08-22T03:59:45.777153+00:00,New York City,0xa416a8b75e923ab23c6ad6babfc8a5da546c916c38a0bd86b062a5014a9b8cb4,Will the highest temperature in New York City be between 84-85°F on August 22?,True,False,2026-08-22,2026-08-21,475.986,470.986,2802.21063,,"{""Yes"": 0.0005, ""No"": 0.9995}","[""32360688754587735790786636279225748224694138602650279984483573554774374694175"", ""26482122304855412186853138691363032087124653199807408125248748200267488038488""]",1787371440480,,0.999,0.001,,11176.22,0.0,0.074098,
2026-08-22T03:59:45.777164+00:00,New York City,0x9ab60f8814fed31200b36bd471d321d08231ab90b7ba3374f33ffb27b937d95d,Will the highest temperature in New York City be 86°F or higher on August 22?,True,False,2026-08-22,2026-08-21,485.74100000000004,399.74100000000004,3495.421,,"{""Yes"": 0.0005, ""No"": 0.9995}","[""90802258199338684283763723709032693428714550902326081212921238210093757590330"", ""33198940399963249879376800329359855327762908607906799967233256383860226344780""]",1787371423181,,0.999,0.001,,4356.26,0.0,0.05192,
2026-08-22T04:53:14.620625+00:00,New York City,0xa278765b8380565cb0fe03703de367d727f657e0f097d40e11f3abcc9f1274e9,Will the lowest temperature in New York City be 57°F or below on August 21?,True,False,2026-08-21,2026-08-20,1238.229716,715.1397159999999,1193.9188,,"{""Yes"": 0.0005, ""No"": 0.9995}","[""112398339607670370517854235669137394730896549659796119699202278172511946244433"", ""4983702833247982312590080112613932124875000188830381489285891531957874058513""]",1787374847230,,0.999,0.001,,144535.76,0.0,0.014104,
2026-08-22T04:53:14.620666+00:00,New York City,0xfef1c8efa4936e7c389b6d08e78ee3ed56be838b0ebeda5f3c2af74345f7fea7,Will the lowest temperature in New York City be between 58-59°F on August 21?,True,False,2026-08-21,2026-08-20,1031.6175500000002,662.54775,1109.94003,,"{""Yes"": 0.0005, ""No"": 0.9995}","[""26810936525541019155615665620699109004462462618504652818126335781756200375555"", ""76097450077755063284196707304192738738717229523065068462945796534211636477581""]",1787374856102,,0.999,0.001,,144459.09,0.0,0.051625,
2026-08-22T04:53:14.620686+00:00,New York City,0x2a57c12d5070b7b1d7fc92f8610841b84c209195bb13d9173f39975d0c5b2f94,Will the lowest temperature in New York City be between 60-61°F on August 21?,True,False,2026-08-21,2026-08-20,1165.089614,667.447571,967.60437,,"{""Yes"": 0.002, ""No"": 0.998}","[""106764581976073377667590787678520805612507890376837631786328809501394763269298"", ""92649759958544834717860934939675928204465697888323911513355543250769887285617""]",1787374855426,,0.999,0.001,,144473.67,0.0,0.002959,
2026-08-22T04:53:14.620705+00:00,New York City,0xbf51f4e17f1adf77d91b3dc45df4806d05822f5fde90e975884276f1d3b1b266,Will the lowest temperature in New York City be between 62-63°F on August 21?,True,False,2026-08-21,2026-08-20,1374.266872,732.87,720.27357,,"{""Yes"": 0.0245, ""No"": 0.9755}","[""101021711302807485223237388132297616266621770248233964724766745927658736928125"", ""22714966867577018528092346607195111876341324806301043000535308558845506128888""]",1787374854513,,0.999,0.001,,149368.16,0.0,0.066729,
2026-08-22T04:53:14.620725+00:00,New York City,0x871f811c4fafa5d115509927fc793fccaa855041799afcfeb1ebfc9a304e96ab,Will the lowest temperature in New York City be between 64-65°F on August 21?,True,False,2026-08-21,2026-08-20,1918.3768519999996,1046.075045,742.39902,,"{""Yes"": 0.9955, ""No"": 0.0045}","[""24705314942523294221241203673984418967521493431112648352021471806871679845264"", ""42323435536840415480309266439521197298037530187769322776269769149330172379382""]",1787374856521,0.999,,,0.001,0.0,226965.08,,0.002975
2026-08-22T04:53:14.620744+00:00,New York City,0xe04c214072d94b2dbdb37e0b332496c301ac19b2f9cddeab0001844922d8ee6c,Will the lowest temperature in New York City be between 66-67°F on August 21?,True,False,2026-08-21,2026-08-20,3979.113667999999,3180.67846,1257.18116,,"{""Yes"": 0.001, ""No"": 0.999}","[""109296009432801388040785260403408375946367288455114104916818005909258463119328"", ""33209754831623043380735497900672096737760937888613703213714377639040087197926""]",1787374848731,,0.999,0.001,,254451.54,0.0,0.002924,
2026-08-22T04:53:14.620763+00:00,New York City,0xbf7039811e67df6289a9784b0f53af12c389f1c2f3ce180c945fafbfaf1c42da,Will the lowest temperature in New York City be between 68-69°F on August 21?,True,False,2026-08-21,2026-08-20,2764.7814149999995,1443.538008,1380.1145,,"{""Yes"": 0.001, ""No"": 0.999}","[""36024167461465464854880354186201332233513214659054348692516673816163981012817"", ""42815594185958366190631220178644053325835771878461531870203018573311645179024""]",1787374859005,,0.999,0.001,,254486.08,0.0,0.00245,
2026-08-22T04:53:14.620782+00:00,New York City,0x4439b91c2ccb5550f3e9387d66e6667ec94ebdc2ab45f2569c93b5b43962fa8b,Will the lowest temperature in New York City be between 70-71°F on August 21?,True,False,2026-08-21,2026-08-20,2163.9404919999997,874.9191470000001,2548.22694,,"{""Yes"": 0.0005, ""No"": 0.9995}","[""110191247834384318231391184069759118678073494159560501415586447847243349781058"", ""90417660066297998624915243003245824234714615293665194147498610609081846505871""]",1787374849356,,0.999,0.001,,222111.82,0.0,0.002805,
2026-08-22T04:53:14.620801+00:00,New York City,0x67e14206be247ccf933f2345f20efbe49393c8f6456340cc3885bc280aee2895,Will the lowest temperature in New York City be between 72-73°F on August 21?,True,False,2026-08-21,2026-08-20,1345.69803,645.5986969999999,2595.6086,,"{""Yes"": 0.0005, ""No"": 0.9995}","[""109949716686637303138081381706017579041414074386077192515878287932603737670033"", ""93319457840544898982465567634999493441006442893402883094242107315756703101436""]",1787374858254,,0.999,0.001,,144473.4,0.0,0.002825,
2026-08-22T04:53:14.620819+00:00,New York City,0xf08f941617d5822c1b12c3d22821b6bbad2687b8102fc28e6365f77a058a46ad,Will the lowest temperature in New York City be between 74-75°F on August 21?,True,False,2026-08-21,2026-08-20,263.0,0.0,3162.26746,,"{""Yes"": 0.0005, ""No"": 0.9995}","[""10101773201441778633075378272449468462195006092477710208205263273246457479650"", ""86920768644970346807402958904025878498390543564448960101824605718475295088629""]",1787374857746,,0.999,0.001,,144432.16,0.0,0.0028,
2026-08-22T04:53:14.620836+00:00,New York City,0x0612f67e8be614aad8cbcb6088ff752417a98301d29e937f0d4fd8eeb4782be2,Will the lowest temperature in New York City be 76°F or higher on August 21?,True,False,2026-08-21,2026-08-20,168.0,0.0,3560.74246,,"{""Yes"": 0.0005, ""No"": 0.9995}","[""8201385039766498671782035207852759597002268765911894535274188882085893451807"", ""68406317155187960688676584869877875467631501951322174724139409345423149580519""]",1787374853101,,0.999,0.001,,144491.11,0.0,0.002777,
2026-08-22T04:53:14.620853+00:00,New York City,0xfc4451e983e3b5cbe8c77dff0f73a0dcbcb6169d393fd89d4e5803616844caf8,Will the highest temperature in New York City be 71°F or below on August 21?,True,False,2026-08-21,2026-08-20,27714.463036,16908.231,30321.32356,,"{""Yes"": 0.0005, ""No"": 0.9995}","[""57509004811760585679779884766363802407814208901577421228791528838723580988625"", ""112708801016312585495732238004024675398219448520908449028719881533266553087978""]",1787374849969,,0.999,0.001,,254827.13,0.0,0.001324,
2026-08-22T04:53:14.620872+00:00,New York City,0x6a53f0209c9752fca4d36b8cc1174301c6a8d31f68caa924790b078a8fa71b80,Will the highest temperature in New York City be between 72-73°F on August 21?,True,False,2026-08-21,2026-08-20,8355.382669,6441.896599,28813.06826,,"{""Yes"": 0.0005, ""No"": 0.9995}","[""34951419725171646739053920332432626776847369312270763991331190218959626573382"", ""60627138073997621935478555140540535081487020691473947257731663321927085430454""]",1787374815894,,0.999,0.001,,109728.15,0.0,0.001598,
2026-08-22T04:53:14.620890+00:00,New York City,0x580ef87adb38363abbb31aef6a85f5f6e11675608149027b074f23c91759d94d,Will the highest temperature in New York City be between 74-75°F on August 21?,True,False,2026-08-21,2026-08-20,8925.612868000002,5523.231135999999,31163.73909,,"{""Yes"": 0.0005, ""No"": 0.9995}","[""37569064792085299106622857597867816794699430570356971293786243661039162007251"", ""875955082800387553688269857314300044071625838824498905926779860441929516090""]",1787374815894,,0.999,0.001,,109799.42,0.0,0.001573,
2026-08-22T04:53:14.620931+00:00,New York City,0xca06ff397ff4859feb63da998598de6f73fc8b6b81d1ba4c0c42a14adc91174e,Will the highest temperature in New York City be between 76-77°F on August 21?,True,False,2026-08-21,2026-08-20,11680.955378999992,9016.797895999998,30349.55166,,"{""Yes"": 0.0005, ""No"": 0.9995}","[""69728840228768278726671847174669977890603473434215492785018941124211359898770"", ""99716010008671880564955402618549826868409937239382588959236843673643621298584""]",1787374855925,,0.999,0.001,,109751.55,0.0,0.001618,
2026-08-22T04:53:14.620954+00:00,New York City,0xd0c84edb7e74e92fd39be778c44865731687b65d638910bb83d7fbc9a165df0e,Will the highest temperature in New York City be between 78-79°F on August 21?,True,False,2026-08-21,2026-08-20,9200.541509,7215.559377000001,8847.2782,,"{""Yes"": 0.9995, ""No"": 0.0005}","[""76972691575375776622763898899359353691366989820502489375370490919186567032112"", ""38931263409238029997364259580157611919622293941337104332679565630850124844830""]",1787374826875,0.999,,,0.001,0.0,110279.29,,0.002311
2026-08-22T04:53:14.620972+00:00,New York City,0xc3ec6f57cdcfbc696bef989386589159124106f1200ac7975b5e0c66a746a872,Will the highest temperature in New York City be between 80-81°F on August 21?,True,False,2026-08-21,2026-08-20,10344.925277000008,6859.404235999999,9241.28073,,"{""Yes"": 0.0005, ""No"": 0.9995}","[""22261184741509512235819032399653905922593488767289818372282625372023361117789"", ""20966310267981320840941682364298055072599437523545589036556794181248631763922""]",1787374859073,,0.999,0.001,,254811.96,0.0,0.008671,
2026-08-22T04:53:14.620991+00:00,New York City,0x3339a655e54485128d49a1aec58bc5e01fe59f9470264617a068be70c6bfab10,Will the highest temperature in New York City be between 82-83°F on August 21?,True,False,2026-08-21,2026-08-20,8129.509670000002,5766.343757999999,11884.87713,,"{""Yes"": 0.0005, ""No"": 0.9995}","[""66731952720059477902724656455641836439854705020076119994812769982434484234094"", ""107877288162170880382808751151586485650956834476627104880179002601207948915811""]",1787374850621,,0.999,0.001,,254655.02,0.0,0.002152,
2026-08-22T04:53:14.621009+00:00,New York City,0xf139160808f372fb207cbfaebd808253b00be96ff0fb15ee22d69bfb364ca8e5,Will the highest temperature in New York City be between 84-85°F on August 21?,True,False,2026-08-21,2026-08-20,5251.954985000001,2291.9331359999996,12880.84889,,"{""Yes"": 0.0005, ""No"": 0.9995}","[""50477385176176751990182824325362428318437173596878430050507031980941213556958"", ""80686756466505406147611423866487000267508620770828424523611022089811414577942""]",1787374859811,,0.999,0.001,,254640.69,0.0,0.002134,
2026-08-22T04:53:14.621029+00:00,New York City,0x93986a80ca241b0047dfe439ad34406ebef75553ac368c05d9ee68b467b8ffb0,Will the highest temperature in New York City be between 86-87°F on August 21?,True,False,2026-08-21,2026-08-20,2333.617062,922.041362,10987.81404,,"{""Yes"": 0.0005, ""No"": 0.9995}","[""6363830182453017465116590167964874808305251209169254274978086772283844111288"", ""46402404556892665526377643842269519591048820887847030258413793066565147347007""]",1787374853698,,0.999,0.001,,254630.71,0.0,0.002224,
2026-08-22T04:53:14.621047+00:00,New York City,0xe95e14610ed415a84bca01391a7f53ae8a979cb97a9a7a38ae24a50993f86800,Will the highest temperature in New York City be between 88-89°F on August 21?,True,False,2026-08-21,2026-08-20,1712.4581579999997,5.0,11666.48581,,"{""Yes"": 0.0005, ""No"": 0.9995}","[""48327243403120900144386287458520948784251721599902162161041144218549387540504"", ""52958904155727569834093753168032223533659319937310191588618193539767171104850""]",1787374855659,,0.999,0.001,,222281.07,0.0,0.002214,
2026-08-22T04:53:14.621068+00:00,New York City,0x2ca5badeaff5b04877b6e1ca1876b46617ed6f4bec1c3a6b42d977499806346a,Will the highest temperature in New York City be 90°F or higher on August 21?,True,False,2026-08-21,2026-08-20,1186.661,80.0,12546.60437,,"{""Yes"": 0.0005, ""No"": 0.9995}","[""69140857885582981911338373838756047524191271859900407007335347861632529715122"", ""6671537737991612433344196700060451666482062004970859694264532966278040624398""]",1787374855693,,0.999,0.001,,144689.68,0.0,0.002178,
2026-08-22T04:53:14.621080+00:00,New York City,0x54dcc4454625f5f1d334566744d9096a1149874f5d960db58b831a74e095b5d5,Will the lowest temperature in New York City be 59°F or below on August 22?,True,False,2026-08-22,2026-08-21,214.018,214.018,1175.68625,,"{""Yes"": 0.0005, ""No"": 0.9995}","[""22176085656247966028331551853638107537470051324335055789558369382929683210343"", ""2267978970326297723553940601314171628859636069224705401708236892850840788574""]",1787374741003,,0.999,0.001,,4114.12,0.0,0.097926,
2026-08-22T04:53:14.621091+00:00,New York City,0x4a329c3c83c03df36dfab693a263300d0681bdac863efe7f81c3271b59f75abd,Will the lowest temperature in New York City be between 60-61°F on August 22?,True,False,2026-08-22,2026-08-21,323.01599999999996,318.01599999999996,461.11062,,"{""Yes"": 0.0005, ""No"": 0.9995}","[""57167492078919856972518558145921607569548726888853941010667963281057213184432"", ""30525319886414391606885741506677872028934770762542779414612397146283819035961""]",1787374741364,,0.999,0.001,,268.34,0.0,0.323109,
2026-08-22T04:53:14.621101+00:00,New York City,0xef097895a83907dbe3ec3e8d22545bffb5ac4b592dd6170a6eee80ca9cc293bb,Will the lowest temperature in New York City be between 62-63°F on August 22?,True,False,2026-08-22,2026-08-21,256.47,256.47,414.25,,"{""Yes"": 0.01, ""No"": 0.99}","[""45681626258458280676213473424882847719722052069172846841022502505853622627439"", ""80011524950630074551789238568474286480241672837405698472638837569921200162148""]",1787374093608,,0.98,0.02,,2597.79,0.0,0.227135,
2026-08-22T04:53:14.621112+00:00,New York City,0x002fc34dd896077b110da622105033345a005b0acb6bd69b0822b3737cb65ddd,Will the lowest temperature in New York City be between 64-65°F on August 22?,True,False,2026-08-22,2026-08-21,174.47445,149.43189999999998,193.968,,"{""Yes"": 0.045, ""No"": 0.955}","[""63773393739221834104651676663344121685573450563857634042856283335549537102653"", ""88033838603680297674698215778109359526350169078051715115814074079069409687995""]",1787374689797,0.02,0.92,0.08,0.98,605.59,128.08,0.417505,0.984987
2026-08-22T04:53:14.621123+00:00,New York City,0xfab18e113307d1f42049c66a1a92ace3e327dd10c09d0c19144bd71783463364,Will the lowest temperature in New York City be between 66-67°F on August 22?,True,False,2026-08-22,2026-08-21,208.23957299999998,206.88822300000004,224.8413,,"{""Yes"": 0.095, ""No"": 0.905}","[""92163698769008901414801228646341607937236816654571095417680419783334040742305"", ""79147634621270984375661486233617478153672859175960026083035358069964394312020""]",1787374709793,0.05,0.91,0.09,0.95,613.4,493.13,0.365921,0.963736
2026-08-22T04:53:14.621134+00:00,New York City,0x5dbe4930a2d69c3974d78c6f145e0ae7aef0afe859945440962589545d15c27e,Will the lowest temperature in New York City be between 68-69°F on August 22?,True,False,2026-08-22,2026-08-21,456.343121,456.343121,141.3517,,"{""Yes"": 0.505, ""No"": 0.495}","[""102161550546141171718592932188454213460635585161963173365335629871525879686627"", ""62248823643995751731227370875463031992607697617523717400611442648094026925537""]",1787374794538,0.47,0.47,0.53,0.53,646.14,555.85,0.61924,0.560957
2026-08-22T04:53:14.621144+00:00,New York City,0xeb9437a98c93f75d5cfd1ba36ad11563996c7b48b7722457978ebe12cbea60f3,Will the lowest temperature in New York City be between 70-71°F on August 22?,True,False,2026-08-22,2026-08-21,206.42211400000002,204.95152699999997,107.2465,,"{""Yes"": 0.3, ""No"": 0.7}","[""90335072572473530532445096481344729704494866468199046823791889372819977574128"", ""83090340422046528949177736108663528002668483123667297806592548039819000596025""]",1787374839792,0.26,0.66,0.34,0.74,315.55,676.77,0.565454,0.91954
2026-08-22T04:53:14.621155+00:00,New York City,0xbde966425cdd788bd024982a5ee0e119a159c88c0443add283d42df0a493c31b,Will the lowest temperature in New York City be between 72-73°F on August 22?,True,False,2026-08-22,2026-08-21,216.71,196.70999999999998,163.2522,,"{""Yes"": 0.055, ""No"": 0.945}","[""77348581478469193025373299675539767896079436532791539162461001183884931566275"", ""25718091385299197858687993541357133666433211818732057358057946891320711386520""]",1787374722032,,0.998,0.002,,4633.87,0.0,0.022768,
2026-08-22T04:53:14.621165+00:00,New York City,0xba96e05af67328c367c660e00a49e84879175db0aa8dda26078624372a685c2e,Will the lowest temperature in New York City be between 74-75°F on August 22?,True,False,2026-08-22,2026-08-21,326.04,305.96000000000004,340.75065,,"{""Yes"": 0.0055, ""No"": 0.9945}","[""19535018881362563194304737615410708838997688466633096387809969256217446161129"", ""39876616032408383185314067220007911162055542005557097175729260358462038899765""]",1787374739797,,0.999,0.001,,6153.41,0.0,0.057367,
2026-08-22T04:53:14.621174+00:00,New York City,0xc24073a4e63982d8ed1b569ff89ce337c1e6c14e14e3546affbea9d617643e75,Will the lowest temperature in New York City be between 76-77°F on August 22?,True,False,2026-08-22,2026-08-21,184.0,184.0,1361.22841,,"{""Yes"": 0.0005, ""No"": 0.9995}","[""86814143036964066695108823197756480372562391896588142422103788090182359176122"", ""66590717440993268935187443317507451587097336853789459429433486685779409405047""]",1787374729793,,0.999,0.001,,4524.56,0.0,0.037917,
2026-08-22T04:53:14.621184+00:00,New York City,0x4115b736021acabd1cb943facdc67ba9d7266368233e8580fdd802562333a36e,Will the lowest temperature in New York City be 78°F or higher on August 22?,True,False,2026-08-22,2026-08-21,174.0,174.0,2049.49821,,"{""Yes"": 0.0005, ""No"": 0.9995}","[""82225531464765892409447886498262082024313588109407190388031720876269319106258"", ""74548726440436727656651188714024117760858455945047034132131889162404588900475""]",1787374741012,,0.999,0.001,,4176.62,0.0,0.030014,
2026-08-22T04:53:14.621193+00:00,New York City,0x60e023fc412734dce63432c5e2ec69e609eeb7b86a96351577591431753b5fb5,Will the highest temperature in New York City be 67°F or below on August 22?,True,False,2026-08-22,2026-08-21,2491.437,2491.437,2159.32126,,"{""Yes"": 0.0005, ""No"": 0.9995}","[""58968776578131649117981021315210454022108642050324490888229625074165333799511"", ""41292985683615773710167809043078841084013491213403163839637002881120847403486""]",1787374858928,,0.999,0.001,,14344.2,0.0,0.004569,
2026-08-22T04:53:14.621204+00:00,New York City,0x942d5d8929fcffed966774106f730d780db56b5115c2393001dfaffb7183083a,Will the highest temperature in New York City be between 68-69°F on August 22?,True,False,2026-08-22,2026-08-21,2547.1522000000004,2537.1472,1450.01339,,"{""Yes"": 0.0015, ""No"": 0.9985}","[""84961300753189087718453506028435441023757547801371175621706860012430249562729"", ""28516945579299192627698888404531229365159323903892974075223308204806776744087""]",1787374781760,,0.999,0.001,,25521.08,0.0,0.005259,
2026-08-22T04:53:14.621214+00:00,New York City,0x25ce1b7b7387148c413ee3f291856179ed1cc51904837697c67a656f5f7c6550,Will the highest temperature in New York City be between 70-71°F on August 22?,True,False,2026-08-22,2026-08-21,3355.4998739999987,3303.499873999999,2568.69283,,"{""Yes"": 0.01, ""No"": 0.99}","[""98445577116205349494970594520006863753161724146388949535409280517965398256379"", ""52252001268139384492752364493136390733312855094828301203114436930170445408996""]",1787374829667,0.005,0.987,0.013,0.995,37341.28,423.5,0.087837,0.995507
2026-08-22T04:53:14.621225+00:00,New York City,0xe2d07c37d90dc585543f6a8eb8f35a6d773d9f66f5755a29f3e79d294cdede19,Will the highest temperature in New York City be between 72-73°F on August 22?,True,False,2026-08-22,2026-08-21,2087.2792259999997,2074.168116,1035.0688,,"{""Yes"": 0.045, ""No"": 0.955}","[""114220303114617076912409921892040505656619131332387439130287480860707576745909"", ""13236288524812527820040865773156239659533617217184028146960115964622087322138""]",1787374760711,0.04,0.95,0.05,0.96,10105.97,2137.8,0.22277,0.96
2026-08-22T04:53:14.621235+00:00,New York City,0x6727f7f15d2b8ea1f006316669329f60dd0ab606804001e1dbca2dbd9b2dfa5c,Will the highest temperature in New York City be between 74-75°F on August 22?,True,False,2026-08-22,2026-08-21,5558.323043999999,5495.668328,1397.8821,,"{""Yes"": 0.255, ""No"": 0.745}","[""90081247998737697857319215891369197249427667829382780475732070333954048890030"", ""58103310499352188449263875038377397364480312690044039250975224628229161783444""]",1787374854784,0.25,0.74,0.26,0.75,11640.93,1666.67,0.290501,0.75
2026-08-22T04:53:14.621244+00:00,New York City,0x7006795b6e514c73ff43ff60ef2a19cff95a577e95beda17cd301995695383d7,Will the highest temperature in New York City be between 76-77°F on August 22?,True,False,2026-08-22,2026-08-21,3140.0185289999995,3081.362455,1633.9417,,"{""Yes"": 0.44, ""No"": 0.56}","[""51395141563796878258814105826509377342667166367686163704949255870609779201923"", ""50000293278698818965769428661779246637782788825829140395290118342754901858104""]",1787374859953,0.44,0.53,0.47,0.56,11524.78,850.26,0.479343,0.582928
2026-08-22T04:53:14.621254+00:00,New York City,0x6e378c63553894bcef76fcec43468bcb44381ebd38714f4d422fc812d9861364,Will the highest temperature in New York City be between 78-79°F on August 22?,True,False,2026-08-22,2026-08-21,4616.2684469999995,4464.7726729999995,2045.4773,,"{""Yes"": 0.235, ""No"": 0.765}","[""83791725590918781771172010388732187290846129006883104378432893557012227941485"", ""10888944644112166978679204926526714075321060019023309634645096996066942947028""]",1787374852632,0.22,0.75,0.25,0.78,12674.08,1506.72,0.252137,0.78
2026-08-22T04:53:14.621264+00:00,New York City,0x258d8e49414b645925e1525e4731d67f4121e13158a22078c77e935fa828776a,Will the highest temperature in New York City be between 80-81°F on August 22?,True,False,2026-08-22,2026-08-21,4638.081629999999,4515.736964,1488.46656,,"{""Yes"": 0.0295, ""No"": 0.9705}","[""81398495580226134126340144488134510473693886599282393729088984636977861277750"", ""101162327800347123206682925721698241104250753673368978572687582424157202081976""]",1787374848650,0.029,0.97,0.03,0.971,38002.95,1714.11,0.161746,0.972856
2026-08-22T04:53:14.621274+00:00,New York City,0xe73b08187095283569e9a87dd424921002c74bcd681135800db6930184f116df,Will the highest temperature in New York City be between 82-83°F on August 22?,True,False,2026-08-22,2026-08-21,1549.8572570000001,1513.0472569999997,3542.96671,,"{""Yes"": 0.0055, ""No"": 0.9945}","[""91237721705643528495040541693062976800336043664250418638214660931067071210350"", ""75202635143193836646670253443450412825867995093768447209082447765313777913441""]",1787374844662,0.002,0.991,0.009,0.998,35047.03,337.56,0.047185,0.998501
2026-08-22T04:53:14.621283+00:00,New York City,0xa416a8b75e923ab23c6ad6babfc8a5da546c916c38a0bd86b062a5014a9b8cb4,Will the highest temperature in New York City be between 84-85°F on August 22?,True,False,2026-08-22,2026-08-21,488.006,483.006,1534.59235,,"{""Yes"": 0.0005, ""No"": 0.9995}","[""32360688754587735790786636279225748224694138602650279984483573554774374694175"", ""26482122304855412186853138691363032087124653199807408125248748200267488038488""]",1787374760606,,0.999,0.001,,11170.88,0.0,0.096885,
2026-08-22T04:53:14.621293+00:00,New York City,0x9ab60f8814fed31200b36bd471d321d08231ab90b7ba3374f33ffb27b937d95d,Will the highest temperature in New York City be 86°F or higher on August 22?,True,False,2026-08-22,2026-08-21,485.74100000000004,399.74100000000004,2181.12833,,"{""Yes"": 0.0005, ""No"": 0.9995}","[""90802258199338684283763723709032693428714550902326081212921238210093757590330"", ""33198940399963249879376800329359855327762908607906799967233256383860226344780""]",1787374760634,,0.999,0.001,,4358.56,0.0,0.055595,
2026-08-22T04:53:14.621303+00:00,New York City,0xc9036371f91975f3035eaef6b8a90505300d2ed6c381e5a091f34e6f525b6c30,Will the highest temperature in New York City be 73°F or below on August 23?,True,False,2026-08-23,2026-08-22,8.18,18.18,530.11921,,"{""Yes"": 0.007, ""No"": 0.993}","[""10501517808396503559679062613105280076493552725081490906123917029764933569068"", ""16539930148426566991001386772640020336886809696306294033523665045132545318797""]",1787374852965,0.005,0.991,0.009,0.995,1381.4,189.47,0.145879,0.995615
2026-08-22T04:53:14.621312+00:00,New York City,0xfdd31b8352a5c8771b662fcdb464c773cc1d11bf974e659cb70f9ffa69f1d971,Will the highest temperature in New York City be between 74-75°F on August 23?,True,False,2026-08-23,2026-08-22,15.18,25.18,1688.43642,,"{""Yes"": 0.0055, ""No"": 0.9945}","[""112593911214148767251997447162048098507025776011516821062683980433117487587204"", ""28774677088252630300905164900322307897288593922313256849914430510520303670187""]",1787374852971,0.001,0.99,0.01,0.999,15299.95,109.89,0.159616,0.999
2026-08-22T04:53:14.621322+00:00,New York City,0xdff8dcf4bbc37881731bc3cd7d4ac6c9ebcadc43d2cc04451ca6d50700567d34,Will the highest temperature in New York City be between 76-77°F on August 23?,True,False,2026-08-23,2026-08-22,8.18,18.18,1432.02456,,"{""Yes"": 0.0075, ""No"": 0.9925}","[""62829073598251019513915763061620999817960159076895788159212448057654320897962"", ""84041388028731725957829593393523520675880853212883236770194889568065753948580""]",1787374857361,0.005,0.99,0.01,0.995,15237.01,1187.49,0.197287,0.995611
2026-08-22T04:53:14.621332+00:00,New York City,0x16a2264e070d745d1181c9892bf39e12b9dcb300f521ef75e8715327e48f5429,Will the highest temperature in New York City be between 78-79°F on August 23?,True,False,2026-08-23,2026-08-22,17.984877,30.174877,1237.1052,,"{""Yes"": 0.16, ""No"": 0.84}","[""99008833481370731920855473787773616780163563011492750734789352629703483318767"", ""44828389890422355055512282211707089824388453115742352625652849918528510892634""]",1787374857359,0.14,0.82,0.18,0.86,13049.47,1159.02,0.293163,0.90158
2026-08-22T04:53:14.621342+00:00,New York City,0x96643f2898239f932349a05ae7f2c35559619ffb85c5392bb409397a2033da2a,Will the highest temperature in New York City be between 80-81°F on August 23?,True,False,2026-08-23,2026-08-22,150.42000000000002,160.42,1147.3835,,"{""Yes"": 0.305, ""No"": 0.695}","[""38471214694170037984973568648626321853290574777070945187168512580638224047691"", ""57259393671183172582735310615165731463003209662048889377423041072317121773930""]",1787374857362,0.29,0.61,0.39,0.71,13562.35,1371.16,0.454809,0.807771
2026-08-22T04:53:14.621351+00:00,New York City,0xb7ac66dbfe44ae9a9bc7aba9774d8f06cfd2d777155025993654263adf78ac13,Will the highest temperature in New York City be between 82-83°F on August 23?,True,False,2026-08-23,2026-08-22,66.62548,84.11548,979.3149,,"{""Yes"": 0.385, ""No"": 0.615}","[""38902169854652465630947854107317854773848010553570595835561074295476091954219"", ""6880128462746070135371935773408905637598101683104843419847437315115438647321""]",1787374857305,0.38,0.61,0.39,0.62,13458.29,2294.05,0.415528,0.647337
2026-08-22T04:53:14.621360+00:00,New York City,0x714f5f1a3a9e8549a6390de8ee6faf63d888a3ab2954cea29c21c8cf4d3ea803,Will the highest temperature in New York City be between 84-85°F on August 23?,True,False,2026-08-23,2026-08-22,62.18,98.18,1109.6734,,"{""Yes"": 0.095, ""No"": 0.905}","[""17038710002793063990392478273767776431217094462603108901566464212730505441264"", ""53289516700889681580133774628163618738689195710639848372945100123825138670438""]",1787374857360,0.08,0.89,0.11,0.92,13358.02,4251.25,0.327726,0.92
2026-08-22T04:53:14.621369+00:00,New York City,0xc61a4545e137bab8119d71e25184238450e011383cb9906667c8562762ae56ea,Will the highest temperature in New York City be between 86-87°F on August 23?,True,False,2026-08-23,2026-08-22,30.18,40.18,1308.5619,,"{""Yes"": 0.03, ""No"": 0.97}","[""103608175012448499910775714089032094918845576128750358412668580846019845532387"", ""113385366596592597814917790331990980266455298839766004097226405663918192965083""]",1787374859359,,0.94,0.06,,13332.56,0.0,0.244664,
2026-08-22T04:53:14.621377+00:00,New York City,0x97eeb6e6a72cb792b68e9a9454aa7c3f7e74746393900643b3b162547a587c95,Will the highest temperature in New York City be between 88-89°F on August 23?,True,False,2026-08-23,2026-08-22,25.18,35.18,1492.5808,,"{""Yes"": 0.02, ""No"": 0.98}","[""114838494395643787940169365281062314792066024869237367327695044887469706733593"", ""109900369320075389007190344200979532199724927951718771892516491750534698347746""]",1787374852971,,0.96,0.04,,13342.81,0.0,0.203984,
2026-08-22T04:53:14.621387+00:00,New York City,0xb33ea35df7e20788eb863a8913b0d04ebd7c0d900d6b54ca5b7264b41280b06d,Will the highest temperature in New York City be between 90-91°F on August 23?,True,False,2026-08-23,2026-08-22,20.18,30.18,1738.70859,,"{""Yes"": 0.0135, ""No"": 0.9865}","[""56081030867967291153857547461153886031899854227951226713971332403073818045533"", ""12246287985759348649967848152152215415064867795192738483400415644170095101704""]",1787374859360,0.002,0.975,0.025,0.998,15435.74,209.61,0.168499,0.998
2026-08-22T04:53:14.621397+00:00,New York City,0xd81e24363e9032f71e4b3bcc6172b8658d30cae6ca793521e6aedae693d44443,Will the highest temperature in New York City be 92°F or higher on August 23?,True,False,2026-08-23,2026-08-22,13.205,23.205,2342.57278,,"{""Yes"": 0.0075, ""No"": 0.9925}","[""96059710701050699345409109008774733443452819159964144536091672091931640669656"", ""82164490970881232273561758214562714222586308963935020439603047630558572723413""]",1787374852914,0.005,0.99,0.01,0.995,1542.0,104.57,0.069579,0.996013
2026-08-22T04:53:14.621406+00:00,New York City,0xf54c033197acc057350bcb3f6d5f2feda7c8bb850920f008479e6a05f8d97801,Will the lowest temperature in New York City be 59°F or below on August 23?,True,False,2026-08-23,2026-08-22,5.0,5.0,109.9873,,"{""Yes"": 0.02, ""No"": 0.98}","[""41913461189028344507895252785216841444603178472297165560331836124148706365467"", ""91015721423101112190959656039967433816753262625439181065136100173982143003079""]",1787373834368,,0.96,0.04,,280.84,0.0,0.480398,
2026-08-22T04:53:14.621415+00:00,New York City,0x5a980885aaeebbaa301e96b374d8848428ed688d9ad421fec2e0403206880bda,Will the lowest temperature in New York City be between 60-61°F on August 23?,True,False,2026-08-23,2026-08-22,5.0,5.0,244.0812,,"{""Yes"": 0.035, ""No"": 0.965}","[""34708389771261436513875651680918471994008182689217040058196582123745422313544"", ""92148277642001454670628007038423530304847052222229790925054881143767927985130""]",1787374849215,,0.93,0.07,,4490.6,0.0,0.390158,
2026-08-22T04:53:14.621424+00:00,New York City,0x6191fa410034adab4ec97add27d9dafd007900dbca4e2c3cb7acb9e6228127ad,Will the lowest temperature in New York City be between 62-63°F on August 23?,True,False,2026-08-23,2026-08-22,0.0,0.0,180.5836,,"{""Yes"": 0.06, ""No"": 0.94}","[""25571084448407965069777688199749495797456120322699899958504451972139602637736"", ""111247815246430826017067494082678694522123993199889962038977612676826346203282""]",1787374849217,,0.89,0.11,,4454.75,0.0,0.488867,
2026-08-22T04:53:14.621433+00:00,New York City,0xc98a211856bd6009ae6611104676cf119438cfb7092fce98bea36542ce3fa49d,Will the lowest temperature in New York City be between 64-65°F on August 23?,True,False,2026-08-23,2026-08-22,0.0,0.0,190.9451,,"{""Yes"": 0.095, ""No"": 0.905}","[""81814558559019248028254087088241572223430133435721336539678062917305548908416"", ""26049116177937411211761011915147615512055879083869278830198611672766524328465""]",1787374849148,0.01,0.84,0.16,0.99,4441.22,9.9,0.520525,
2026-08-22T04:53:14.621441+00:00,New York City,0x07546d5d4dc1731b628ae465ff0c3c8b9569d00865a0b98ebb37c3796b541924,Will the lowest temperature in New York City be between 66-67°F on August 23?,True,False,2026-08-23,2026-08-22,0.0,0.0,192.4001,,"{""Yes"": 0.265, ""No"": 0.735}","[""27741605023909144744600208994630187557025032271603385158433763556840509191923"", ""32313089525816244992767397782013546351091861012806371928399928016639714626131""]",1787374849212,0.02,0.49,0.51,0.98,4517.05,9.85,0.517732,
2026-08-22T04:53:14.621450+00:00,New York City,0x5f831087882c112ea8a710483b9fac76def107d07363d55b3cd8f02ad60cb784,Will the lowest temperature in New York City be between 68-69°F on August 23?,True,False,2026-08-23,2026-08-22,0.0,0.0,192.4705,,"{""Yes"": 0.285, ""No"": 0.715}","[""62731327394872024260018077248079612250729736322196134319497499153154357694890"", ""77942760536036459065628831918667521873575363585765768263676138781889777487108""]",1787374849215,0.09,0.48,0.52,0.91,4433.22,2162.37,0.709386,0.91
2026-08-22T04:53:14.621458+00:00,New York City,0x6e41bc702e225ebee2ef744e36575b0beb00cae5f8d7c4965a6839b908a7bbef,Will the lowest temperature in New York City be between 70-71°F on August 23?,True,False,2026-08-23,2026-08-22,0.0,0.0,217.6979,,"{""Yes"": 0.33, ""No"": 0.67}","[""97929326759611566086045398151294653654679302920327882000632632383469767154285"", ""94968669357615007409266742991227210201417230062690320900279905223637984197950""]",1787374851840,0.16,0.48,0.52,0.84,4409.41,1674.12,0.681918,0.84
2026-08-22T04:53:14.621467+00:00,New York City,0x3c1bffbc72d1170a3c402357bf013b8823d3900c49c8b37eb63b240e397a5373,Will the lowest temperature in New York City be between 72-73°F on August 23?,True,False,2026-08-23,2026-08-22,0.0,0.0,191.4014,,"{""Yes"": 0.105, ""No"": 0.895}","[""31445166572879133259435842922747699234629564073372047282691875686213207469126"", ""98981965662187048906475461859543917805124754119113895151772985911396791238194""]",1787374849213,0.02,0.82,0.18,0.98,4436.56,2459.85,0.596085,0.98
2026-08-22T04:53:14.621477+00:00,New York City,0x97dfd04eae5361848b9caf0e379b837a8037b6404039ad37323a971d58f098e4,Will the lowest temperature in New York City be between 74-75°F on August 23?,True,False,2026-08-23,2026-08-22,10.0,10.0,171.3281,,"{""Yes"": 0.04, ""No"": 0.96}","[""41714088549412194627884398821390833657416130732117532517431298221072732288703"", ""62842949275880786458820919355393417558406061876802088275856269429081131191378""]",1787374849150,,0.92,0.08,,4441.76,0.0,0.50487,
2026-08-22T04:53:14.621486+00:00,New York City,0x2319a9f4211b9d1dd8d5cfd5266eac5e2cb69ea2a70b633ea9f8deac11b4ec4d,Will the lowest temperature in New York City be between 76-77°F on August 23?,True,False,2026-08-23,2026-08-22,10.0,10.0,1266.8724,,"{""Yes"": 0.01, ""No"": 0.99}","[""92331854501114406890782732486050648149419036081783782146869895416355863944794"", ""57886385134129928159238646368632554049697745251836485605418183650283651196115""]",1787374849148,,0.98,0.02,,5024.17,0.0,0.131523,
2026-08-22T04:53:14.621496+00:00,New York City,0x8b3964088dc4f5921476e0f417a6bfa6e2756659cd61871c8f5bd4145974edcc,Will the lowest temperature in New York City be 78°F or higher on August 23?,True,False,2026-08-23,2026-08-22,10.0,10.0,635.7473,,"{""Yes"": 0.01, ""No"": 0.99}","[""74868967738772559701068344511495423353799737045151713312441529878854038744890"", ""79856954817952259451687076098873020309882007444904034332054546862116276250193""]",1787374372706,,0.98,0.02,,750.76,0.0,0.135272,
2026-08-22T05:46:37.453244+00:00,New York City,0xa278765b8380565cb0fe03703de367d727f657e0f097d40e11f3abcc9f1274e9,Will the lowest temperature in New York City be 57°F or below on August 21?,True,True,2026-08-21,2026-08-20,1238.229716,641.909716,0.0,,"{""Yes"": 0.0, ""No"": 1.0}","[""112398339607670370517854235669137394730896549659796119699202278172511946244433"", ""4983702833247982312590080112613932124875000188830381489285891531957874058513""]",,,,,,,,,
2026-08-22T05:46:37.453275+00:00,New York City,0xfef1c8efa4936e7c389b6d08e78ee3ed56be838b0ebeda5f3c2af74345f7fea7,Will the lowest temperature in New York City be between 58-59°F on August 21?,True,True,2026-08-21,2026-08-20,1031.61755,589.31775,0.0,,"{""Yes"": 0.0, ""No"": 1.0}","[""26810936525541019155615665620699109004462462618504652818126335781756200375555"", ""76097450077755063284196707304192738738717229523065068462945796534211636477581""]",,,,,,,,,
2026-08-22T05:46:37.453292+00:00,New York City,0x2a57c12d5070b7b1d7fc92f8610841b84c209195bb13d9173f39975d0c5b2f94,Will the lowest temperature in New York City be between 60-61°F on August 21?,True,True,2026-08-21,2026-08-20,1165.0896140000002,594.217571,0.0,,"{""Yes"": 0.0, ""No"": 1.0}","[""106764581976073377667590787678520805612507890376837631786328809501394763269298"", ""92649759958544834717860934939675928204465697888323911513355543250769887285617""]",,,,,,,,,
2026-08-22T05:46:37.453304+00:00,New York City,0xbf51f4e17f1adf77d91b3dc45df4806d05822f5fde90e975884276f1d3b1b266,Will the lowest temperature in New York City be between 62-63°F on August 21?,True,True,2026-08-21,2026-08-20,1374.266872,659.64,0.0,,"{""Yes"": 0.0, ""No"": 1.0}","[""101021711302807485223237388132297616266621770248233964724766745927658736928125"", ""22714966867577018528092346607195111876341324806301043000535308558845506128888""]",,,,,,,,,
2026-08-22T05:46:37.453318+00:00,New York City,0x871f811c4fafa5d115509927fc793fccaa855041799afcfeb1ebfc9a304e96ab,Will the lowest temperature in New York City be between 64-65°F on August 21?,True,False,2026-08-21,2026-08-20,1918.376852,959.423439,39966.06102,,"{""Yes"": 0.9995, ""No"": 0.0005}","[""24705314942523294221241203673984418967521493431112648352021471806871679845264"", ""42323435536840415480309266439521197298037530187769322776269769149330172379382""]",1787378036190,0.999,,,0.001,0.0,226850.91,,0.002979
2026-08-22T05:46:37.453341+00:00,New York City,0xe04c214072d94b2dbdb37e0b332496c301ac19b2f9cddeab0001844922d8ee6c,Will the lowest temperature in New York City be between 66-67°F on August 21?,True,True,2026-08-21,2026-08-20,3979.1136679999995,2549.3689400000003,0.0,,"{""Yes"": 0.0, ""No"": 1.0}","[""109296009432801388040785260403408375946367288455114104916818005909258463119328"", ""33209754831623043380735497900672096737760937888613703213714377639040087197926""]",,,,,,,,,
2026-08-22T05:46:37.453362+00:00,New York City,0xbf7039811e67df6289a9784b0f53af12c389f1c2f3ce180c945fafbfaf1c42da,Will the lowest temperature in New York City be between 68-69°F on August 21?,True,True,2026-08-21,2026-08-20,2764.781415,1211.5880080000002,0.0,,"{""Yes"": 0.0, ""No"": 1.0}","[""36024167461465464854880354186201332233513214659054348692516673816163981012817"", ""42815594185958366190631220178644053325835771878461531870203018573311645179024""]",,,,,,,,,
2026-08-22T05:46:37.453378+00:00,New York City,0x4439b91c2ccb5550f3e9387d66e6667ec94ebdc2ab45f2569c93b5b43962fa8b,Will the lowest temperature in New York City be between 70-71°F on August 21?,True,True,2026-08-21,2026-08-20,2163.9404919999997,451.889118,0.0,,"{""Yes"": 0.0, ""No"": 1.0}","[""110191247834384318231391184069759118678073494159560501415586447847243349781058"", ""90417660066297998624915243003245824234714615293665194147498610609081846505871""]",1787375595136,,,,,0.0,0.0,,
2026-08-22T05:46:37.453391+00:00,New York City,0x67e14206be247ccf933f2345f20efbe49393c8f6456340cc3885bc280aee2895,Will the lowest temperature in New York City be between 72-73°F on August 21?,True,True,2026-08-21,2026-08-20,1345.6980299999998,305.64869699999997,0.0,,"{""Yes"": 0.0, ""No"": 1.0}","[""109949716686637303138081381706017579041414074386077192515878287932603737670033"", ""93319457840544898982465567634999493441006442893402883094242107315756703101436""]",,,,,,,,,
2026-08-22T05:46:37.453402+00:00,New York City,0xf08f941617d5822c1b12c3d22821b6bbad2687b8102fc28e6365f77a058a46ad,Will the lowest temperature in New York City be between 74-75°F on August 21?,True,True,2026-08-21,2026-08-20,263.0,0.0,0.0,,"{""Yes"": 0.0, ""No"": 1.0}","[""10101773201441778633075378272449468462195006092477710208205263273246457479650"", ""86920768644970346807402958904025878498390543564448960101824605718475295088629""]",,,,,,,,,
2026-08-22T05:46:37.453413+00:00,New York City,0x0612f67e8be614aad8cbcb6088ff752417a98301d29e937f0d4fd8eeb4782be2,Will the lowest temperature in New York City be 76°F or higher on August 21?,True,True,2026-08-21,2026-08-20,168.0,0.0,0.0,,"{""Yes"": 0.0, ""No"": 1.0}","[""8201385039766498671782035207852759597002268765911894535274188882085893451807"", ""68406317155187960688676584869877875467631501951322174724139409345423149580519""]",,,,,,,,,
2026-08-22T05:46:37.453425+00:00,New York City,0x54dcc4454625f5f1d334566744d9096a1149874f5d960db58b831a74e095b5d5,Will the lowest temperature in New York City be 59°F or below on August 22?,True,False,2026-08-22,2026-08-21,214.018,214.018,1173.19647,,"{""Yes"": 0.0005, ""No"": 0.9995}","[""22176085656247966028331551853638107537470051324335055789558369382929683210343"", ""2267978970326297723553940601314171628859636069224705401708236892850840788574""]",1787377870094,,0.999,0.001,,4140.28,0.0,0.084147,
2026-08-22T05:46:37.453437+00:00,New York City,0x4a329c3c83c03df36dfab693a263300d0681bdac863efe7f81c3271b59f75abd,Will the lowest temperature in New York City be between 60-61°F on August 22?,True,False,2026-08-22,2026-08-21,323.01599999999996,318.01599999999996,461.87038,,"{""Yes"": 0.0005, ""No"": 0.9995}","[""57167492078919856972518558145921607569548726888853941010667963281057213184432"", ""30525319886414391606885741506677872028934770762542779414612397146283819035961""]",1787377870093,,0.999,0.001,,4194.71,0.0,0.21026,
2026-08-22T05:46:37.453449+00:00,New York City,0xef097895a83907dbe3ec3e8d22545bffb5ac4b592dd6170a6eee80ca9cc293bb,Will the lowest temperature in New York City be between 62-63°F on August 22?,True,False,2026-08-22,2026-08-21,256.47,256.47,414.779,,"{""Yes"": 0.01, ""No"": 0.99}","[""45681626258458280676213473424882847719722052069172846841022502505853622627439"", ""80011524950630074551789238568474286480241672837405698472638837569921200162148""]",1787377809797,,0.98,0.02,,2592.9,0.0,0.218189,
2026-08-22T05:46:37.453460+00:00,New York City,0x002fc34dd896077b110da622105033345a005b0acb6bd69b0822b3737cb65ddd,Will the lowest temperature in New York City be between 64-65°F on August 22?,True,False,2026-08-22,2026-08-21,174.47445,149.43189999999998,202.5952,,"{""Yes"": 0.045, ""No"": 0.955}","[""63773393739221834104651676663344121685573450563857634042856283335549537102653"", ""88033838603680297674698215778109359526350169078051715115814074079069409687995""]",1787377238277,0.02,0.93,0.07,0.98,641.66,128.08,0.388407,0.984987
2026-08-22T05:46:37.453472+00:00,New York City,0xfab18e113307d1f42049c66a1a92ace3e327dd10c09d0c19144bd71783463364,Will the lowest temperature in New York City be between 66-67°F on August 22?,True,False,2026-08-22,2026-08-21,232.525547,231.17419700000002,209.2635,,"{""Yes"": 0.1, ""No"": 0.9}","[""92163698769008901414801228646341607937236816654571095417680419783334040742305"", ""79147634621270984375661486233617478153672859175960026083035358069964394312020""]",1787377869960,0.06,0.87,0.13,0.94,635.01,511.93,0.39534,0.958025
2026-08-22T05:46:37.453484+00:00,New York City,0x5dbe4930a2d69c3974d78c6f145e0ae7aef0afe859945440962589545d15c27e,Will the lowest temperature in New York City be between 68-69°F on August 22?,True,False,2026-08-22,2026-08-21,482.76352299999996,482.763523,187.0635,,"{""Yes"": 0.545, ""No"": 0.455}","[""102161550546141171718592932188454213460635585161963173365335629871525879686627"", ""62248823643995751731227370875463031992607697617523717400611442648094026925537""]",1787377905232,0.51,0.42,0.58,0.49,789.59,629.81,0.606647,0.49
2026-08-22T05:46:37.453495+00:00,New York City,0xeb9437a98c93f75d5cfd1ba36ad11563996c7b48b7722457978ebe12cbea60f3,Will the lowest temperature in New York City be between 70-71°F on August 22?,True,False,2026-08-22,2026-08-21,213.178867,211.70827999999997,113.055,,"{""Yes"": 0.29, ""No"": 0.71}","[""90335072572473530532445096481344729704494866468199046823791889372819977574128"", ""83090340422046528949177736108663528002668483123667297806592548039819000596025""]",1787377939794,0.25,0.67,0.33,0.75,301.75,498.97,0.507378,0.885609
2026-08-22T05:46:37.453507+00:00,New York City,0xbde966425cdd788bd024982a5ee0e119a159c88c0443add283d42df0a493c31b,Will the lowest temperature in New York City be between 72-73°F on August 22?,True,False,2026-08-22,2026-08-21,991.2412,971.2411999999999,4781.66864,,"{""Yes"": 0.001, ""No"": 0.999}","[""77348581478469193025373299675539767896079436532791539162461001183884931566275"", ""25718091385299197858687993541357133666433211818732057358057946891320711386520""]",1787377948000,,0.999,0.001,,9511.54,0.0,0.022707,
2026-08-22T05:46:37.453518+00:00,New York City,0xba96e05af67328c367c660e00a49e84879175db0aa8dda26078624372a685c2e,Will the lowest temperature in New York City be between 74-75°F on August 22?,True,False,2026-08-22,2026-08-21,446.08000000000004,405.92,2030.62408,,"{""Yes"": 0.0005, ""No"": 0.9995}","[""19535018881362563194304737615410708838997688466633096387809969256217446161129"", ""39876616032408383185314067220007911162055542005557097175729260358462038899765""]",1787378009499,,0.999,0.001,,6173.26,0.0,0.064152,
2026-08-22T05:46:37.453529+00:00,New York City,0xc24073a4e63982d8ed1b569ff89ce337c1e6c14e14e3546affbea9d617643e75,Will the lowest temperature in New York City be between 76-77°F on August 22?,True,False,2026-08-22,2026-08-21,184.0,184.0,2870.80044,,"{""Yes"": 0.0005, ""No"": 0.9995}","[""86814143036964066695108823197756480372562391896588142422103788090182359176122"", ""66590717440993268935187443317507451587097336853789459429433486685779409405047""]",1787377948002,,0.999,0.001,,4545.72,0.0,0.040757,
2026-08-22T05:46:37.453540+00:00,New York City,0x4115b736021acabd1cb943facdc67ba9d7266368233e8580fdd802562333a36e,Will the lowest temperature in New York City be 78°F or higher on August 22?,True,False,2026-08-22,2026-08-21,174.0,174.0,3697.63151,,"{""Yes"": 0.0005, ""No"": 0.9995}","[""82225531464765892409447886498262082024313588109407190388031720876269319106258"", ""74548726440436727656651188714024117760858455945047034132131889162404588900475""]",1787378009859,,0.999,0.001,,4202.8,0.0,0.03151,
2026-08-22T05:46:37.453551+00:00,New York City,0x60e023fc412734dce63432c5e2ec69e609eeb7b86a96351577591431753b5fb5,Will the highest temperature in New York City be 67°F or below on August 22?,True,False,2026-08-22,2026-08-21,2491.437,275.44,21733.27312,,"{""Yes"": 0.0005, ""No"": 0.9995}","[""58968776578131649117981021315210454022108642050324490888229625074165333799511"", ""41292985683615773710167809043078841084013491213403163839637002881120847403486""]",1787378031102,,0.999,0.001,,14341.42,0.0,0.004525,
2026-08-22T05:46:37.453563+00:00,New York City,0x942d5d8929fcffed966774106f730d780db56b5115c2393001dfaffb7183083a,Will the highest temperature in New York City be between 68-69°F on August 22?,True,False,2026-08-22,2026-08-21,5658.632200000001,3947.642,18392.62855,,"{""Yes"": 0.0005, ""No"": 0.9995}","[""84961300753189087718453506028435441023757547801371175621706860012430249562729"", ""28516945579299192627698888404531229365159323903892974075223308204806776744087""]",1787378031104,,0.999,0.001,,25511.68,0.0,0.005354,
2026-08-22T05:46:37.453575+00:00,New York City,0x25ce1b7b7387148c413ee3f291856179ed1cc51904837697c67a656f5f7c6550,Will the highest temperature in New York City be between 70-71°F on August 22?,True,False,2026-08-22,2026-08-21,3527.4626739999994,3465.462673999999,2511.0135,,"{""Yes"": 0.009, ""No"": 0.991}","[""98445577116205349494970594520006863753161724146388949535409280517965398256379"", ""52252001268139384492752364493136390733312855094828301203114436930170445408996""]",1787378014651,0.008,0.99,0.01,0.992,38588.16,1892.79,0.093656,0.992008
2026-08-22T05:46:37.453586+00:00,New York City,0xe2d07c37d90dc585543f6a8eb8f35a6d773d9f66f5755a29f3e79d294cdede19,Will the highest temperature in New York City be between 72-73°F on August 22?,True,False,2026-08-22,2026-08-21,2583.329226,2277.559916,1446.0493,,"{""Yes"": 0.065, ""No"": 0.935}","[""114220303114617076912409921892040505656619131332387439130287480860707576745909"", ""13236288524812527820040865773156239659533617217184028146960115964622087322138""]",1787378000627,0.06,0.93,0.07,0.94,11494.13,3370.81,0.184023,0.94
2026-08-22T05:46:37.453597+00:00,New York City,0x6727f7f15d2b8ea1f006316669329f60dd0ab606804001e1dbca2dbd9b2dfa5c,Will the highest temperature in New York City be between 74-75°F on August 22?,True,False,2026-08-22,2026-08-21,5693.868623,5402.380574999999,1650.5844,,"{""Yes"": 0.26, ""No"": 0.74}","[""90081247998737697857319215891369197249427667829382780475732070333954048890030"", ""58103310499352188449263875038377397364480312690044039250975224628229161783444""]",1787378037629,0.24,0.74,0.26,0.75,12289.7,2275.57,0.277608,0.75962
2026-08-22T05:46:37.453608+00:00,New York City,0x7006795b6e514c73ff43ff60ef2a19cff95a577e95beda17cd301995695383d7,Will the highest temperature in New York City be between 76-77°F on August 22?,True,False,2026-08-22,2026-08-21,3332.7158459999996,3258.309772,1818.1801,,"{""Yes"": 0.445, ""No"": 0.555}","[""51395141563796878258814105826509377342667166367686163704949255870609779201923"", ""50000293278698818965769428661779246637782788825829140395290118342754901858104""]",1787378037587,0.44,0.55,0.45,0.56,11053.04,1178.73,0.467221,0.565532
2026-08-22T05:46:37.453620+00:00,New York City,0x6e378c63553894bcef76fcec43468bcb44381ebd38714f4d422fc812d9861364,Will the highest temperature in New York City be between 78-79°F on August 22?,True,False,2026-08-22,2026-08-21,4728.860747,4567.364972999999,2092.8886,,"{""Yes"": 0.23, ""No"": 0.77}","[""83791725590918781771172010388732187290846129006883104378432893557012227941485"", ""10888944644112166978679204926526714075321060019023309634645096996066942947028""]",1787378037548,0.22,0.76,0.24,0.78,13439.16,1607.7,0.256798,0.78
2026-08-22T05:46:37.453649+00:00,New York City,0x258d8e49414b645925e1525e4731d67f4121e13158a22078c77e935fa828776a,Will the highest temperature in New York City be between 80-81°F on August 22?,True,False,2026-08-22,2026-08-21,4710.050112000001,4542.705446,1764.92914,,"{""Yes"": 0.0295, ""No"": 0.9705}","[""81398495580226134126340144488134510473693886599282393729088984636977861277750"", ""101162327800347123206682925721698241104250753673368978572687582424157202081976""]",1787377944700,0.029,0.97,0.03,0.971,39730.5,1249.12,0.164061,0.982135
2026-08-22T05:46:37.453669+00:00,New York City,0xe73b08187095283569e9a87dd424921002c74bcd681135800db6930184f116df,Will the highest temperature in New York City be between 82-83°F on August 22?,True,False,2026-08-22,2026-08-21,1596.8242570000002,1550.014257,3661.0348,,"{""Yes"": 0.0045, ""No"": 0.9955}","[""91237721705643528495040541693062976800336043664250418638214660931067071210350"", ""75202635143193836646670253443450412825867995093768447209082447765313777913441""]",1787377680500,0.001,0.992,0.008,0.999,33633.38,187.76,0.048636,0.999
2026-08-22T05:46:37.453687+00:00,New York City,0xa416a8b75e923ab23c6ad6babfc8a5da546c916c38a0bd86b062a5014a9b8cb4,Will the highest temperature in New York City be between 84-85°F on August 22?,True,False,2026-08-22,2026-08-21,488.006,232.011,1601.31395,,"{""Yes"": 0.0005, ""No"": 0.9995}","[""32360688754587735790786636279225748224694138602650279984483573554774374694175"", ""26482122304855412186853138691363032087124653199807408125248748200267488038488""]",1787377694487,,0.999,0.001,,11172.17,0.0,0.058708,
2026-08-22T05:46:37.453699+00:00,New York City,0x9ab60f8814fed31200b36bd471d321d08231ab90b7ba3374f33ffb27b937d95d,Will the highest temperature in New York City be 86°F or higher on August 22?,True,False,2026-08-22,2026-08-21,485.74100000000004,108.75,2205.57393,,"{""Yes"": 0.0005, ""No"": 0.9995}","[""90802258199338684283763723709032693428714550902326081212921238210093757590330"", ""33198940399963249879376800329359855327762908607906799967233256383860226344780""]",1787377680500,,0.999,0.001,,4376.49,0.0,0.044018,
2026-08-22T05:46:37.453712+00:00,New York City,0xc9036371f91975f3035eaef6b8a90505300d2ed6c381e5a091f34e6f525b6c30,Will the highest temperature in New York City be 73°F or below on August 23?,True,False,2026-08-23,2026-08-22,143.17999999999998,153.18,2244.6995,,"{""Yes"": 0.005, ""No"": 0.995}","[""10501517808396503559679062613105280076493552725081490906123917029764933569068"", ""16539930148426566991001386772640020336886809696306294033523665045132545318797""]",1787378028173,0.002,0.992,0.008,0.998,5104.58,508.32,0.08421,0.998
2026-08-22T05:46:37.453723+00:00,New York City,0xfdd31b8352a5c8771b662fcdb464c773cc1d11bf974e659cb70f9ffa69f1d971,Will the highest temperature in New York City be between 74-75°F on August 23?,True,False,2026-08-23,2026-08-22,20.17,30.17,1805.86927,,"{""Yes"": 0.0055, ""No"": 0.9945}","[""112593911214148767251997447162048098507025776011516821062683980433117487587204"", ""28774677088252630300905164900322307897288593922313256849914430510520303670187""]",1787378036357,0.001,0.99,0.01,0.999,15239.76,290.72,0.137732,0.999
2026-08-22T05:46:37.453735+00:00,New York City,0xdff8dcf4bbc37881731bc3cd7d4ac6c9ebcadc43d2cc04451ca6d50700567d34,Will the highest temperature in New York City be between 76-77°F on August 23?,True,False,2026-08-23,2026-08-22,13.1748,23.1748,1439.67866,,"{""Yes"": 0.008, ""No"": 0.992}","[""62829073598251019513915763061620999817960159076895788159212448057654320897962"", ""84041388028731725957829593393523520675880853212883236770194889568065753948580""]",1787378036353,0.006,0.99,0.01,0.994,15143.68,1736.32,0.184797,0.994801
2026-08-22T05:46:37.453746+00:00,New York City,0x16a2264e070d745d1181c9892bf39e12b9dcb300f521ef75e8715327e48f5429,Will the highest temperature in New York City be between 78-79°F on August 23?,True,False,2026-08-23,2026-08-22,42.249877000000005,54.439877,1764.5846,,"{""Yes"": 0.12, ""No"": 0.88}","[""99008833481370731920855473787773616780163563011492750734789352629703483318767"", ""44828389890422355055512282211707089824388453115742352625652849918528510892634""]",1787378036362,0.11,0.86,0.14,0.89,13806.22,1705.55,0.174647,0.90399
2026-08-22T05:46:37.453757+00:00,New York City,0x96643f2898239f932349a05ae7f2c35559619ffb85c5392bb409397a2033da2a,Will the highest temperature in New York City be between 80-81°F on August 23?,True,False,2026-08-23,2026-08-22,175.76,185.75999999999996,1526.2659,,"{""Yes"": 0.33, ""No"": 0.67}","[""38471214694170037984973568648626321853290574777070945187168512580638224047691"", ""57259393671183172582735310615165731463003209662048889377423041072317121773930""]",1787378036129,0.36,0.62,0.38,0.64,14000.75,1751.9,0.455683,0.657294
2026-08-22T05:46:37.453768+00:00,New York City,0xb7ac66dbfe44ae9a9bc7aba9774d8f06cfd2d777155025993654263adf78ac13,Will the highest temperature in New York City be between 82-83°F on August 23?,True,False,2026-08-23,2026-08-22,154.214511,171.704511,1469.9553,,"{""Yes"": 0.39, ""No"": 0.61}","[""38902169854652465630947854107317854773848010553570595835561074295476091954219"", ""6880128462746070135371935773408905637598101683104843419847437315115438647321""]",1787378036392,0.38,0.6,0.4,0.62,14094.57,2869.63,0.411827,0.621714
2026-08-22T05:46:37.453778+00:00,New York City,0x714f5f1a3a9e8549a6390de8ee6faf63d888a3ab2954cea29c21c8cf4d3ea803,Will the highest temperature in New York City be between 84-85°F on August 23?,True,False,2026-08-23,2026-08-22,70.07000000000001,106.07,1332.3026,,"{""Yes"": 0.11, ""No"": 0.89}","[""17038710002793063990392478273767776431217094462603108901566464212730505441264"", ""53289516700889681580133774628163618738689195710639848372945100123825138670438""]",1787378036389,0.09,0.88,0.12,0.91,13514.03,3166.22,0.252658,0.91
2026-08-22T05:46:37.453790+00:00,New York City,0xc61a4545e137bab8119d71e25184238450e011383cb9906667c8562762ae56ea,Will the highest temperature in New York City be between 86-87°F on August 23?,True,False,2026-08-23,2026-08-22,30.18,40.18,1354.4033,,"{""Yes"": 0.03, ""No"": 0.97}","[""103608175012448499910775714089032094918845576128750358412668580846019845532387"", ""113385366596592597814917790331990980266455298839766004097226405663918192965083""]",1787378036393,,0.94,0.06,,13443.63,0.0,0.201428,
2026-08-22T05:46:37.453801+00:00,New York City,0x97eeb6e6a72cb792b68e9a9454aa7c3f7e74746393900643b3b162547a587c95,Will the highest temperature in New York City be between 88-89°F on August 23?,True,False,2026-08-23,2026-08-22,25.18,35.18,1647.6775,,"{""Yes"": 0.02, ""No"": 0.98}","[""114838494395643787940169365281062314792066024869237367327695044887469706733593"", ""109900369320075389007190344200979532199724927951718771892516491750534698347746""]",1787378036392,,0.97,0.03,,13410.37,0.0,0.173992,
2026-08-22T05:46:37.453812+00:00,New York City,0xb33ea35df7e20788eb863a8913b0d04ebd7c0d900d6b54ca5b7264b41280b06d,Will the highest temperature in New York City be between 90-91°F on August 23?,True,False,2026-08-23,2026-08-22,20.18,30.18,1853.65975,,"{""Yes"": 0.0085, ""No"": 0.9915}","[""56081030867967291153857547461153886031899854227951226713971332403073818045533"", ""12246287985759348649967848152152215415064867795192738483400415644170095101704""]",1787378036350,0.002,0.988,0.012,0.998,15522.59,390.26,0.098889,0.998
2026-08-22T05:46:37.453822+00:00,New York City,0xd81e24363e9032f71e4b3bcc6172b8658d30cae6ca793521e6aedae693d44443,Will the highest temperature in New York City be 92°F or higher on August 23?,True,False,2026-08-23,2026-08-22,138.175,148.175,3244.36723,,"{""Yes"": 0.003, ""No"": 0.997}","[""96059710701050699345409109008774733443452819159964144536091672091931640669656"", ""82164490970881232273561758214562714222586308963935020439603047630558572723413""]",1787378028157,0.002,0.996,0.004,0.998,5438.75,448.28,0.044683,0.998
2026-08-22T05:46:37.453832+00:00,New York City,0xf54c033197acc057350bcb3f6d5f2feda7c8bb850920f008479e6a05f8d97801,Will the lowest temperature in New York City be 59°F or below on August 23?,True,False,2026-08-23,2026-08-22,5.0,5.0,143.5873,,"{""Yes"": 0.02, ""No"": 0.98}","[""41913461189028344507895252785216841444603178472297165560331836124148706365467"", ""91015721423101112190959656039967433816753262625439181065136100173982143003079""]",1787377719366,,0.96,0.04,,334.54,0.0,0.431045,
2026-08-22T05:46:37.453843+00:00,New York City,0x5a980885aaeebbaa301e96b374d8848428ed688d9ad421fec2e0403206880bda,Will the lowest temperature in New York City be between 60-61°F on August 23?,True,False,2026-08-23,2026-08-22,5.0,5.0,257.4312,,"{""Yes"": 0.035, ""No"": 0.965}","[""34708389771261436513875651680918471994008182689217040058196582123745422313544"", ""92148277642001454670628007038423530304847052222229790925054881143767927985130""]",1787377190518,,0.93,0.07,,4530.8,0.0,0.389931,
2026-08-22T05:46:37.453853+00:00,New York City,0x6191fa410034adab4ec97add27d9dafd007900dbca4e2c3cb7acb9e6228127ad,Will the lowest temperature in New York City be between 62-63°F on August 23?,True,False,2026-08-23,2026-08-22,10.0,10.0,198.9336,,"{""Yes"": 0.055, ""No"": 0.945}","[""25571084448407965069777688199749495797456120322699899958504451972139602637736"", ""111247815246430826017067494082678694522123993199889962038977612676826346203282""]",1787377382298,,0.89,0.11,,4489.85,0.0,0.477596,
2026-08-22T05:46:37.453864+00:00,New York City,0xc98a211856bd6009ae6611104676cf119438cfb7092fce98bea36542ce3fa49d,Will the lowest temperature in New York City be between 64-65°F on August 23?,True,False,2026-08-23,2026-08-22,0.0,0.0,180.8681,,"{""Yes"": 0.085, ""No"": 0.915}","[""81814558559019248028254087088241572223430133435721336539678062917305548908416"", ""26049116177937411211761011915147615512055879083869278830198611672766524328465""]",1787377889593,0.01,0.84,0.16,0.99,4479.32,9.9,0.508261,
2026-08-22T05:46:37.453875+00:00,New York City,0x07546d5d4dc1731b628ae465ff0c3c8b9569d00865a0b98ebb37c3796b541924,Will the lowest temperature in New York City be between 66-67°F on August 23?,True,False,2026-08-23,2026-08-22,0.0,0.0,206.5743,,"{""Yes"": 0.225, ""No"": 0.775}","[""27741605023909144744600208994630187557025032271603385158433763556840509191923"", ""32313089525816244992767397782013546351091861012806371928399928016639714626131""]",1787377889939,0.02,0.59,0.41,0.98,4562.49,9.85,0.484176,
2026-08-22T05:46:37.453885+00:00,New York City,0x5f831087882c112ea8a710483b9fac76def107d07363d55b3cd8f02ad60cb784,Will the lowest temperature in New York City be between 68-69°F on August 23?,True,False,2026-08-23,2026-08-22,0.0,0.0,200.0614,,"{""Yes"": 0.305, ""No"": 0.695}","[""62731327394872024260018077248079612250729736322196134319497499153154357694890"", ""77942760536036459065628831918667521873575363585765768263676138781889777487108""]",1787376699427,0.09,0.48,0.52,0.91,4473.12,2097.37,0.687943,0.91
2026-08-22T05:46:37.453896+00:00,New York City,0x6e41bc702e225ebee2ef744e36575b0beb00cae5f8d7c4965a6839b908a7bbef,Will the lowest temperature in New York City be between 70-71°F on August 23?,True,False,2026-08-23,2026-08-22,0.0,0.0,210.4227,,"{""Yes"": 0.38, ""No"": 0.62}","[""97929326759611566086045398151294653654679302920327882000632632383469767154285"", ""94968669357615007409266742991227210201417230062690320900279905223637984197950""]",1787377798914,0.25,0.48,0.52,0.75,4492.81,1321.69,0.681918,0.75
2026-08-22T05:46:37.453907+00:00,New York City,0x3c1bffbc72d1170a3c402357bf013b8823d3900c49c8b37eb63b240e397a5373,Will the lowest temperature in New York City be between 72-73°F on August 23?,True,False,2026-08-23,2026-08-22,9.0,9.0,210.9808,,"{""Yes"": 0.155, ""No"": 0.845}","[""31445166572879133259435842922747699234629564073372047282691875686213207469126"", ""98981965662187048906475461859543917805124754119113895151772985911396791238194""]",1787377931508,0.12,0.81,0.19,0.88,4485.53,508.41,0.549632,0.88
2026-08-22T05:46:37.453917+00:00,New York City,0x97dfd04eae5361848b9caf0e379b837a8037b6404039ad37323a971d58f098e4,Will the lowest temperature in New York City be between 74-75°F on August 23?,True,False,2026-08-23,2026-08-22,10.0,10.0,186.7751,,"{""Yes"": 0.04, ""No"": 0.96}","[""41714088549412194627884398821390833657416130732117532517431298221072732288703"", ""62842949275880786458820919355393417558406061876802088275856269429081131191378""]",1787377190512,,0.92,0.08,,4479.44,0.0,0.493131,
2026-08-22T05:46:37.453927+00:00,New York City,0x2319a9f4211b9d1dd8d5cfd5266eac5e2cb69ea2a70b633ea9f8deac11b4ec4d,Will the lowest temperature in New York City be between 76-77°F on August 23?,True,False,2026-08-23,2026-08-22,10.0,10.0,1304.1024,,"{""Yes"": 0.01, ""No"": 0.99}","[""92331854501114406890782732486050648149419036081783782146869895416355863944794"", ""57886385134129928159238646368632554049697745251836485605418183650283651196115""]",1787377860918,,0.98,0.02,,4927.41,0.0,0.128626,
2026-08-22T05:46:37.453938+00:00,New York City,0x8b3964088dc4f5921476e0f417a6bfa6e2756659cd61871c8f5bd4145974edcc,Will the lowest temperature in New York City be 78°F or higher on August 23?,True,False,2026-08-23,2026-08-22,10.0,10.0,1141.6873,,"{""Yes"": 0.01, ""No"": 0.99}","[""74868967738772559701068344511495423353799737045151713312441529878854038744890"", ""79856954817952259451687076098873020309882007444904034332054546862116276250193""]",1787377709370,,0.98,0.02,,627.09,0.0,0.132944,
2026-08-22T07:03:24.469682+00:00,New York City,0x54dcc4454625f5f1d334566744d9096a1149874f5d960db58b831a74e095b5d5,Will the lowest temperature in New York City be 59°F or below on August 22?,True,False,2026-08-22,2026-08-21,214.018,202.018,1007.89865,,"{""Yes"": 0.0005, ""No"": 0.9995}","[""22176085656247966028331551853638107537470051324335055789558369382929683210343"", ""2267978970326297723553940601314171628859636069224705401708236892850840788574""]",1787382549794,,0.999,0.001,,4139.79,0.0,0.084085,
2026-08-22T07:03:24.469724+00:00,New York City,0x4a329c3c83c03df36dfab693a263300d0681bdac863efe7f81c3271b59f75abd,Will the lowest temperature in New York City be between 60-61°F on August 22?,True,False,2026-08-22,2026-08-21,323.01599999999996,306.01599999999996,209.68865,,"{""Yes"": 0.0005, ""No"": 0.9995}","[""57167492078919856972518558145921607569548726888853941010667963281057213184432"", ""30525319886414391606885741506677872028934770762542779414612397146283819035961""]",1787382532596,,0.999,0.001,,4185.72,0.0,0.21083,
2026-08-22T07:03:24.469743+00:00,New York City,0xef097895a83907dbe3ec3e8d22545bffb5ac4b592dd6170a6eee80ca9cc293bb,Will the lowest temperature in New York City be between 62-63°F on August 22?,True,False,2026-08-22,2026-08-21,256.47,244.47,410.2846,,"{""Yes"": 0.01, ""No"": 0.99}","[""45681626258458280676213473424882847719722052069172846841022502505853622627439"", ""80011524950630074551789238568474286480241672837405698472638837569921200162148""]",1787382339796,,0.98,0.02,,2607.78,0.0,0.22513,
2026-08-22T07:03:24.469761+00:00,New York City,0x002fc34dd896077b110da622105033345a005b0acb6bd69b0822b3737cb65ddd,Will the lowest temperature in New York City be between 64-65°F on August 22?,True,False,2026-08-22,2026-08-21,174.47445,137.43189999999998,161.6608,,"{""Yes"": 0.045, ""No"": 0.955}","[""63773393739221834104651676663344121685573450563857634042856283335549537102653"", ""88033838603680297674698215778109359526350169078051715115814074079069409687995""]",1787382509637,0.02,0.93,0.07,0.98,716.48,128.08,0.431662,0.984987
2026-08-22T07:03:24.469777+00:00,New York City,0xfab18e113307d1f42049c66a1a92ace3e327dd10c09d0c19144bd71783463364,Will the lowest temperature in New York City be between 66-67°F on August 22?,True,False,2026-08-22,2026-08-21,276.525547,263.174197,168.6154,,"{""Yes"": 0.07, ""No"": 0.93}","[""92163698769008901414801228646341607937236816654571095417680419783334040742305"", ""79147634621270984375661486233617478153672859175960026083035358069964394312020""]",1787382284155,0.04,0.87,0.13,0.96,608.02,470.29,0.455885,0.967967
2026-08-22T07:03:24.469794+00:00,New York City,0x5dbe4930a2d69c3974d78c6f145e0ae7aef0afe859945440962589545d15c27e,Will the lowest temperature in New York City be between 68-69°F on August 22?,True,False,2026-08-22,2026-08-21,596.763523,584.763523,292.1196,,"{""Yes"": 0.55, ""No"": 0.45}","[""102161550546141171718592932188454213460635585161963173365335629871525879686627"", ""62248823643995751731227370875463031992607697617523717400611442648094026925537""]",1787382379794,0.53,0.43,0.57,0.47,962.59,740.87,0.57,0.47619
2026-08-22T07:03:24.469810+00:00,New York City,0xeb9437a98c93f75d5cfd1ba36ad11563996c7b48b7722457978ebe12cbea60f3,Will the lowest temperature in New York City be between 70-71°F on August 22?,True,False,2026-08-22,2026-08-21,213.178867,187.70827999999997,129.9948,,"{""Yes"": 0.29, ""No"": 0.71}","[""90335072572473530532445096481344729704494866468199046823791889372819977574128"", ""83090340422046528949177736108663528002668483123667297806592548039819000596025""]",1787382521666,0.26,0.68,0.32,0.74,285.69,482.69,0.554002,0.886025
2026-08-22T07:03:24.469825+00:00,New York City,0xbde966425cdd788bd024982a5ee0e119a159c88c0443add283d42df0a493c31b,Will the lowest temperature in New York City be between 72-73°F on August 22?,True,False,2026-08-22,2026-08-21,991.2412,959.2411999999999,6479.4713,,"{""Yes"": 0.0005, ""No"": 0.9995}","[""77348581478469193025373299675539767896079436532791539162461001183884931566275"", ""25718091385299197858687993541357133666433211818732057358057946891320711386520""]",1787382499960,,0.999,0.001,,9937.69,0.0,0.015817,
2026-08-22T07:03:24.469841+00:00,New York City,0xba96e05af67328c367c660e00a49e84879175db0aa8dda26078624372a685c2e,Will the lowest temperature in New York City be between 74-75°F on August 22?,True,False,2026-08-22,2026-08-21,446.08000000000004,384.04,4296.38968,,"{""Yes"": 0.0005, ""No"": 0.9995}","[""19535018881362563194304737615410708838997688466633096387809969256217446161129"", ""39876616032408383185314067220007911162055542005557097175729260358462038899765""]",1787382309795,,0.999,0.001,,6165.57,0.0,0.01914,
2026-08-22T07:03:24.469857+00:00,New York City,0xc24073a4e63982d8ed1b569ff89ce337c1e6c14e14e3546affbea9d617643e75,Will the lowest temperature in New York City be between 76-77°F on August 22?,True,False,2026-08-22,2026-08-21,184.0,172.0,4986.42104,,"{""Yes"": 0.0005, ""No"": 0.9995}","[""86814143036964066695108823197756480372562391896588142422103788090182359176122"", ""66590717440993268935187443317507451587097336853789459429433486685779409405047""]",1787382349794,,0.999,0.001,,4539.43,0.0,0.016757,
2026-08-22T07:03:24.469872+00:00,New York City,0x4115b736021acabd1cb943facdc67ba9d7266368233e8580fdd802562333a36e,Will the lowest temperature in New York City be 78°F or higher on August 22?,True,False,2026-08-22,2026-08-21,174.0,162.0,5521.75366,,"{""Yes"": 0.0005, ""No"": 0.9995}","[""82225531464765892409447886498262082024313588109407190388031720876269319106258"", ""74548726440436727656651188714024117760858455945047034132131889162404588900475""]",1787382559796,,0.999,0.001,,4218.76,0.0,0.014928,
2026-08-22T07:03:24.469888+00:00,New York City,0x60e023fc412734dce63432c5e2ec69e609eeb7b86a96351577591431753b5fb5,Will the highest temperature in New York City be 67°F or below on August 22?,True,False,2026-08-22,2026-08-21,2491.437,275.44,32495.89946,,"{""Yes"": 0.0005, ""No"": 0.9995}","[""58968776578131649117981021315210454022108642050324490888229625074165333799511"", ""41292985683615773710167809043078841084013491213403163839637002881120847403486""]",1787382566302,,0.999,0.001,,14345.72,0.0,0.003061,
2026-08-22T07:03:24.469906+00:00,New York City,0x942d5d8929fcffed966774106f730d780db56b5115c2393001dfaffb7183083a,Will the highest temperature in New York City be between 68-69°F on August 22?,True,False,2026-08-22,2026-08-21,5658.6322,3947.642,33456.26585,,"{""Yes"": 0.0005, ""No"": 0.9995}","[""84961300753189087718453506028435441023757547801371175621706860012430249562729"", ""28516945579299192627698888404531229365159323903892974075223308204806776744087""]",1787381837031,,0.999,0.001,,25580.32,0.0,0.003014,
2026-08-22T07:03:24.469921+00:00,New York City,0x25ce1b7b7387148c413ee3f291856179ed1cc51904837697c67a656f5f7c6550,Will the highest temperature in New York City be between 70-71°F on August 22?,True,False,2026-08-22,2026-08-21,4676.550141999999,4614.550141999999,16496.78285,,"{""Yes"": 0.0005, ""No"": 0.9995}","[""98445577116205349494970594520006863753161724146388949535409280517965398256379"", ""52252001268139384492752364493136390733312855094828301203114436930170445408996""]",1787382514623,,0.999,0.001,,28892.37,0.0,0.009203,
2026-08-22T07:03:24.469933+00:00,New York City,0xe2d07c37d90dc585543f6a8eb8f35a6d773d9f66f5755a29f3e79d294cdede19,Will the highest temperature in New York City be between 72-73°F on August 22?,True,False,2026-08-22,2026-08-21,3377.602196,3051.832886,1373.4117,,"{""Yes"": 0.075, ""No"": 0.925}","[""114220303114617076912409921892040505656619131332387439130287480860707576745909"", ""13236288524812527820040865773156239659533617217184028146960115964622087322138""]",1787382544675,0.07,0.92,0.08,0.93,10998.66,5105.7,0.264374,0.93
2026-08-22T07:03:24.469943+00:00,New York City,0x6727f7f15d2b8ea1f006316669329f60dd0ab606804001e1dbca2dbd9b2dfa5c,Will the highest temperature in New York City be between 74-75°F on August 22?,True,False,2026-08-22,2026-08-21,6758.340531999998,6258.516973,1671.7965,,"{""Yes"": 0.265, ""No"": 0.735}","[""90081247998737697857319215891369197249427667829382780475732070333954048890030"", ""58103310499352188449263875038377397364480312690044039250975224628229161783444""]",1787382566133,0.26,0.73,0.27,0.74,12980.45,1888.13,0.28022,0.74
2026-08-22T07:03:24.469954+00:00,New York City,0x7006795b6e514c73ff43ff60ef2a19cff95a577e95beda17cd301995695383d7,Will the highest temperature in New York City be between 76-77°F on August 22?,True,False,2026-08-22,2026-08-21,3693.1486750000004,3439.555833,2273.7163,,"{""Yes"": 0.395, ""No"": 0.605}","[""51395141563796878258814105826509377342667166367686163704949255870609779201923"", ""50000293278698818965769428661779246637782788825829140395290118342754901858104""]",1787382568053,0.39,0.6,0.4,0.61,10149.77,1488.03,0.409986,0.614889
2026-08-22T07:03:24.469965+00:00,New York City,0x6e378c63553894bcef76fcec43468bcb44381ebd38714f4d422fc812d9861364,Will the highest temperature in New York City be between 78-79°F on August 22?,True,False,2026-08-22,2026-08-21,4950.429005999999,4783.428905999999,2084.7613,,"{""Yes"": 0.255, ""No"": 0.745}","[""83791725590918781771172010388732187290846129006883104378432893557012227941485"", ""10888944644112166978679204926526714075321060019023309634645096996066942947028""]",1787382523260,0.25,0.74,0.26,0.75,13118.46,1493.2,0.26,0.759037
2026-08-22T07:03:24.469975+00:00,New York City,0x258d8e49414b645925e1525e4731d67f4121e13158a22078c77e935fa828776a,Will the highest temperature in New York City be between 80-81°F on August 22?,True,False,2026-08-22,2026-08-21,4841.580158999999,4651.516208,1649.50372,,"{""Yes"": 0.0275, ""No"": 0.9725}","[""81398495580226134126340144488134510473693886599282393729088984636977861277750"", ""101162327800347123206682925721698241104250753673368978572687582424157202081976""]",1787382504603,0.027,0.972,0.028,0.973,30453.7,1243.32,0.146505,0.985626
2026-08-22T07:03:24.469985+00:00,New York City,0xe73b08187095283569e9a87dd424921002c74bcd681135800db6930184f116df,Will the highest temperature in New York City be between 82-83°F on August 22?,True,False,2026-08-22,2026-08-21,1728.3542570000002,1681.5442569999998,3568.87907,,"{""Yes"": 0.0045, ""No"": 0.9955}","[""91237721705643528495040541693062976800336043664250418638214660931067071210350"", ""75202635143193836646670253443450412825867995093768447209082447765313777913441""]",1787381964485,0.001,0.992,0.008,0.999,33629.59,56.36,0.049683,
2026-08-22T07:03:24.469996+00:00,New York City,0xa416a8b75e923ab23c6ad6babfc8a5da546c916c38a0bd86b062a5014a9b8cb4,Will the highest temperature in New York City be between 84-85°F on August 22?,True,False,2026-08-22,2026-08-21,488.006,232.011,1597.43615,,"{""Yes"": 0.0005, ""No"": 0.9995}","[""32360688754587735790786636279225748224694138602650279984483573554774374694175"", ""26482122304855412186853138691363032087124653199807408125248748200267488038488""]",1787382326242,,0.999,0.001,,11172.48,0.0,0.057218,
2026-08-22T07:03:24.470006+00:00,New York City,0x9ab60f8814fed31200b36bd471d321d08231ab90b7ba3374f33ffb27b937d95d,Will the highest temperature in New York City be 86°F or higher on August 22?,True,False,2026-08-22,2026-08-21,485.74100000000004,103.75,2034.86113,,"{""Yes"": 0.0005, ""No"": 0.9995}","[""90802258199338684283763723709032693428714550902326081212921238210093757590330"", ""33198940399963249879376800329359855327762908607906799967233256383860226344780""]",1787382326233,,0.999,0.001,,4390.92,0.0,0.043254,
2026-08-22T07:03:24.470017+00:00,New York City,0xc9036371f91975f3035eaef6b8a90505300d2ed6c381e5a091f34e6f525b6c30,Will the highest temperature in New York City be 73°F or below on August 23?,True,False,2026-08-23,2026-08-22,143.17999999999998,153.18,2658.77302,,"{""Yes"": 0.0055, ""No"": 0.9945}","[""10501517808396503559679062613105280076493552725081490906123917029764933569068"", ""16539930148426566991001386772640020336886809696306294033523665045132545318797""]",1787382569397,0.002,0.991,0.009,0.998,5004.4,508.32,0.06442,0.998
2026-08-22T07:03:24.470029+00:00,New York City,0xfdd31b8352a5c8771b662fcdb464c773cc1d11bf974e659cb70f9ffa69f1d971,Will the highest temperature in New York City be between 74-75°F on August 23?,True,False,2026-08-23,2026-08-22,20.17,30.17,2519.84755,,"{""Yes"": 0.0055, ""No"": 0.9945}","[""112593911214148767251997447162048098507025776011516821062683980433117487587204"", ""28774677088252630300905164900322307897288593922313256849914430510520303670187""]",1787382569397,0.001,0.99,0.01,0.999,15043.91,290.72,0.116631,0.999
2026-08-22T07:03:24.470040+00:00,New York City,0xdff8dcf4bbc37881731bc3cd7d4ac6c9ebcadc43d2cc04451ca6d50700567d34,Will the highest temperature in New York City be between 76-77°F on August 23?,True,False,2026-08-23,2026-08-22,15.2052,25.2052,2214.78478,,"{""Yes"": 0.0305, ""No"": 0.9695}","[""62829073598251019513915763061620999817960159076895788159212448057654320897962"", ""84041388028731725957829593393523520675880853212883236770194889568065753948580""]",1787382569352,0.015,0.955,0.045,0.985,15766.45,1595.75,0.135088,0.986653
2026-08-22T07:03:24.470050+00:00,New York City,0x16a2264e070d745d1181c9892bf39e12b9dcb300f521ef75e8715327e48f5429,Will the highest temperature in New York City be between 78-79°F on August 23?,True,False,2026-08-23,2026-08-22,140.75694900000002,152.946949,2426.5868,,"{""Yes"": 0.095, ""No"": 0.905}","[""99008833481370731920855473787773616780163563011492750734789352629703483318767"", ""44828389890422355055512282211707089824388453115742352625652849918528510892634""]",1787382569397,0.08,0.89,0.11,0.92,15648.5,3495.42,0.167564,0.923994
2026-08-22T07:03:24.470061+00:00,New York City,0x96643f2898239f932349a05ae7f2c35559619ffb85c5392bb409397a2033da2a,Will the highest temperature in New York City be between 80-81°F on August 23?,True,False,2026-08-23,2026-08-22,177.3225,187.32249999999996,2190.0215,,"{""Yes"": 0.365, ""No"": 0.635}","[""38471214694170037984973568648626321853290574777070945187168512580638224047691"", ""57259393671183172582735310615165731463003209662048889377423041072317121773930""]",1787382543116,0.36,0.63,0.37,0.64,16304.37,2303.21,0.372988,0.64
2026-08-22T07:03:24.470071+00:00,New York City,0xb7ac66dbfe44ae9a9bc7aba9774d8f06cfd2d777155025993654263adf78ac13,Will the highest temperature in New York City be between 82-83°F on August 23?,True,False,2026-08-23,2026-08-22,154.214511,171.704511,2206.4232,,"{""Yes"": 0.385, ""No"": 0.615}","[""38902169854652465630947854107317854773848010553570595835561074295476091954219"", ""6880128462746070135371935773408905637598101683104843419847437315115438647321""]",1787382568487,0.38,0.61,0.39,0.62,14376.15,4360.16,0.392734,0.62
2026-08-22T07:03:24.470081+00:00,New York City,0x714f5f1a3a9e8549a6390de8ee6faf63d888a3ab2954cea29c21c8cf4d3ea803,Will the highest temperature in New York City be between 84-85°F on August 23?,True,False,2026-08-23,2026-08-22,125.18222,161.18222,2040.8932,,"{""Yes"": 0.135, ""No"": 0.865}","[""17038710002793063990392478273767776431217094462603108901566464212730505441264"", ""53289516700889681580133774628163618738689195710639848372945100123825138670438""]",1787382569397,0.13,0.86,0.14,0.87,15795.88,2629.37,0.188429,0.904113
2026-08-22T07:03:24.470091+00:00,New York City,0xc61a4545e137bab8119d71e25184238450e011383cb9906667c8562762ae56ea,Will the highest temperature in New York City be between 86-87°F on August 23?,True,False,2026-08-23,2026-08-22,49.18,59.18,2071.9377,,"{""Yes"": 0.03, ""No"": 0.97}","[""103608175012448499910775714089032094918845576128750358412668580846019845532387"", ""113385366596592597814917790331990980266455298839766004097226405663918192965083""]",1787382543110,0.01,0.95,0.05,0.99,13576.32,202.95,0.130188,0.99
2026-08-22T07:03:24.470101+00:00,New York City,0x97eeb6e6a72cb792b68e9a9454aa7c3f7e74746393900643b3b162547a587c95,Will the highest temperature in New York City be between 88-89°F on August 23?,True,False,2026-08-23,2026-08-22,30.17,40.17,2287.0591,,"{""Yes"": 0.015, ""No"": 0.985}","[""114838494395643787940169365281062314792066024869237367327695044887469706733593"", ""109900369320075389007190344200979532199724927951718771892516491750534698347746""]",1787382519402,,0.97,0.03,,13470.81,0.0,0.132796,
2026-08-22T07:03:24.470111+00:00,New York City,0xb33ea35df7e20788eb863a8913b0d04ebd7c0d900d6b54ca5b7264b41280b06d,Will the highest temperature in New York City be between 90-91°F on August 23?,True,False,2026-08-23,2026-08-22,30.17,40.17,2363.29109,,"{""Yes"": 0.0065, ""No"": 0.9935}","[""56081030867967291153857547461153886031899854227951226713971332403073818045533"", ""12246287985759348649967848152152215415064867795192738483400415644170095101704""]",1787382570536,0.002,0.991,0.009,0.998,15182.07,315.4,0.112074,0.998
2026-08-22T07:03:24.470120+00:00,New York City,0xd81e24363e9032f71e4b3bcc6172b8658d30cae6ca793521e6aedae693d44443,Will the highest temperature in New York City be 92°F or higher on August 23?,True,False,2026-08-23,2026-08-22,138.175,148.175,3361.03754,,"{""Yes"": 0.003, ""No"": 0.997}","[""96059710701050699345409109008774733443452819159964144536091672091931640669656"", ""82164490970881232273561758214562714222586308963935020439603047630558572723413""]",1787382569391,0.002,0.996,0.004,0.998,5264.85,448.28,0.043848,0.998
2026-08-22T07:03:24.470131+00:00,New York City,0xf54c033197acc057350bcb3f6d5f2feda7c8bb850920f008479e6a05f8d97801,Will the lowest temperature in New York City be 59°F or below on August 23?,True,False,2026-08-23,2026-08-22,5.0,10.0,182.7379,,"{""Yes"": 0.02, ""No"": 0.98}","[""41913461189028344507895252785216841444603178472297165560331836124148706365467"", ""91015721423101112190959656039967433816753262625439181065136100173982143003079""]",1787382014261,,0.96,0.04,,219.81,0.0,0.356251,
2026-08-22T07:03:24.470141+00:00,New York City,0x5a980885aaeebbaa301e96b374d8848428ed688d9ad421fec2e0403206880bda,Will the lowest temperature in New York City be between 60-61°F on August 23?,True,False,2026-08-23,2026-08-22,5.0,10.0,280.5412,,"{""Yes"": 0.035, ""No"": 0.965}","[""34708389771261436513875651680918471994008182689217040058196582123745422313544"", ""92148277642001454670628007038423530304847052222229790925054881143767927985130""]",1787382488000,,0.93,0.07,,4497.62,0.0,0.368165,
2026-08-22T07:03:24.470150+00:00,New York City,0x6191fa410034adab4ec97add27d9dafd007900dbca4e2c3cb7acb9e6228127ad,Will the lowest temperature in New York City be between 62-63°F on August 23?,True,False,2026-08-23,2026-08-22,15.0,15.0,204.7436,,"{""Yes"": 0.055, ""No"": 0.945}","[""25571084448407965069777688199749495797456120322699899958504451972139602637736"", ""111247815246430826017067494082678694522123993199889962038977612676826346203282""]",1787380996632,,0.89,0.11,,4495.04,0.0,0.462765,
2026-08-22T07:03:24.470159+00:00,New York City,0xc98a211856bd6009ae6611104676cf119438cfb7092fce98bea36542ce3fa49d,Will the lowest temperature in New York City be between 64-65°F on August 23?,True,False,2026-08-23,2026-08-22,60.989125,60.989125,233.8281,,"{""Yes"": 0.08, ""No"": 0.92}","[""81814558559019248028254087088241572223430133435721336539678062917305548908416"", ""26049116177937411211761011915147615512055879083869278830198611672766524328465""]",1787382337305,0.04,0.88,0.12,0.96,4510.53,161.73,0.423978,0.983802
2026-08-22T07:03:24.470170+00:00,New York City,0x07546d5d4dc1731b628ae465ff0c3c8b9569d00865a0b98ebb37c3796b541924,Will the lowest temperature in New York City be between 66-67°F on August 23?,True,False,2026-08-23,2026-08-22,0.0,0.0,228.2552,,"{""Yes"": 0.17, ""No"": 0.83}","[""27741605023909144744600208994630187557025032271603385158433763556840509191923"", ""32313089525816244992767397782013546351091861012806371928399928016639714626131""]",1787381549368,0.02,0.68,0.32,0.98,4528.66,170.28,0.454458,0.980295
2026-08-22T07:03:24.470180+00:00,New York City,0x5f831087882c112ea8a710483b9fac76def107d07363d55b3cd8f02ad60cb784,Will the lowest temperature in New York City be between 68-69°F on August 23?,True,False,2026-08-23,2026-08-22,0.0,0.0,232.7413,,"{""Yes"": 0.26, ""No"": 0.74}","[""62731327394872024260018077248079612250729736322196134319497499153154357694890"", ""77942760536036459065628831918667521873575363585765768263676138781889777487108""]",1787382229904,0.09,0.58,0.42,0.91,4552.02,2284.8,0.544356,0.91
2026-08-22T07:03:24.470189+00:00,New York City,0x6e41bc702e225ebee2ef744e36575b0beb00cae5f8d7c4965a6839b908a7bbef,Will the lowest temperature in New York City be between 70-71°F on August 23?,True,False,2026-08-23,2026-08-22,1.35135,1.35135,262.2935,,"{""Yes"": 0.44, ""No"": 0.56}","[""97929326759611566086045398151294653654679302920327882000632632383469767154285"", ""94968669357615007409266742991227210201417230062690320900279905223637984197950""]",1787382488001,0.41,0.53,0.47,0.59,4546.74,1282.38,0.548208,0.695373
2026-08-22T07:03:24.470198+00:00,New York City,0x3c1bffbc72d1170a3c402357bf013b8823d3900c49c8b37eb63b240e397a5373,Will the lowest temperature in New York City be between 72-73°F on August 23?,True,False,2026-08-23,2026-08-22,10.136358,10.136358,271.1738,,"{""Yes"": 0.16, ""No"": 0.84}","[""31445166572879133259435842922747699234629564073372047282691875686213207469126"", ""98981965662187048906475461859543917805124754119113895151772985911396791238194""]",1787382105827,0.13,0.81,0.19,0.87,4502.48,971.09,0.495795,0.87
2026-08-22T07:03:24.470208+00:00,New York City,0x97dfd04eae5361848b9caf0e379b837a8037b6404039ad37323a971d58f098e4,Will the lowest temperature in New York City be between 74-75°F on August 23?,True,False,2026-08-23,2026-08-22,10.0,10.0,220.1151,,"{""Yes"": 0.045, ""No"": 0.955}","[""41714088549412194627884398821390833657416130732117532517431298221072732288703"", ""62842949275880786458820919355393417558406061876802088275856269429081131191378""]",1787382488000,0.01,0.92,0.08,0.99,4501.39,131.67,0.495082,0.99
2026-08-22T07:03:24.470217+00:00,New York City,0x2319a9f4211b9d1dd8d5cfd5266eac5e2cb69ea2a70b633ea9f8deac11b4ec4d,Will the lowest temperature in New York City be between 76-77°F on August 23?,True,False,2026-08-23,2026-08-22,10.04,20.04,1510.9116,,"{""Yes"": 0.015, ""No"": 0.985}","[""92331854501114406890782732486050648149419036081783782146869895416355863944794"", ""57886385134129928159238646368632554049697745251836485605418183650283651196115""]",1787382489000,0.01,0.98,0.02,0.99,4890.17,111.79,0.115772,0.99
2026-08-22T07:03:24.470242+00:00,New York City,0x8b3964088dc4f5921476e0f417a6bfa6e2756659cd61871c8f5bd4145974edcc,Will the lowest temperature in New York City be 78°F or higher on August 23?,True,False,2026-08-23,2026-08-22,5.0,15.0,1273.1378,,"{""Yes"": 0.01, ""No"": 0.99}","[""74868967738772559701068344511495423353799737045151713312441529878854038744890"", ""79856954817952259451687076098873020309882007444904034332054546862116276250193""]",1787382569365,,0.98,0.02,,580.57,0.0,0.126501,
2026-08-22T07:49:42.304656+00:00,New York City,0x54dcc4454625f5f1d334566744d9096a1149874f5d960db58b831a74e095b5d5,Will the lowest temperature in New York City be 59°F or below on August 22?,True,False,2026-08-22,2026-08-21,214.018,202.018,990.29601,,"{""Yes"": 0.0005, ""No"": 0.9995}","[""22176085656247966028331551853638107537470051324335055789558369382929683210343"", ""2267978970326297723553940601314171628859636069224705401708236892850840788574""]",1787385269795,,0.999,0.001,,4151.81,0.0,0.099486,
2026-08-22T07:49:42.304689+00:00,New York City,0x4a329c3c83c03df36dfab693a263300d0681bdac863efe7f81c3271b59f75abd,Will the lowest temperature in New York City be between 60-61°F on August 22?,True,False,2026-08-22,2026-08-21,323.01599999999996,306.01599999999996,238.097,,"{""Yes"": 0.0005, ""No"": 0.9995}","[""57167492078919856972518558145921607569548726888853941010667963281057213184432"", ""30525319886414391606885741506677872028934770762542779414612397146283819035961""]",1787385309800,,0.999,0.001,,797.42,0.0,0.316476,
2026-08-22T07:49:42.304704+00:00,New York City,0xef097895a83907dbe3ec3e8d22545bffb5ac4b592dd6170a6eee80ca9cc293bb,Will the lowest temperature in New York City be between 62-63°F on August 22?,True,False,2026-08-22,2026-08-21,256.47,228.10000000000002,375.592,,"{""Yes"": 0.015, ""No"": 0.985}","[""45681626258458280676213473424882847719722052069172846841022502505853622627439"", ""80011524950630074551789238568474286480241672837405698472638837569921200162148""]",1787383741028,,0.97,0.03,,2540.34,0.0,0.239397,
2026-08-22T07:49:42.304716+00:00,New York City,0x002fc34dd896077b110da622105033345a005b0acb6bd69b0822b3737cb65ddd,Will the lowest temperature in New York City be between 64-65°F on August 22?,True,False,2026-08-22,2026-08-21,174.47445,137.43189999999998,159.4099,,"{""Yes"": 0.05, ""No"": 0.95}","[""63773393739221834104651676663344121685573450563857634042856283335549537102653"", ""88033838603680297674698215778109359526350169078051715115814074079069409687995""]",1787383741054,0.02,0.92,0.08,0.98,597.07,128.08,0.434245,0.984987
2026-08-22T07:49:42.304730+00:00,New York City,0xfab18e113307d1f42049c66a1a92ace3e327dd10c09d0c19144bd71783463364,Will the lowest temperature in New York City be between 66-67°F on August 22?,True,False,2026-08-22,2026-08-21,276.525547,236.784197,126.7384,,"{""Yes"": 0.09, ""No"": 0.91}","[""92163698769008901414801228646341607937236816654571095417680419783334040742305"", ""79147634621270984375661486233617478153672859175960026083035358069964394312020""]",1787384805622,0.04,0.86,0.14,0.96,711.78,470.29,0.5359,0.967967
2026-08-22T07:49:42.304744+00:00,New York City,0x5dbe4930a2d69c3974d78c6f145e0ae7aef0afe859945440962589545d15c27e,Will the lowest temperature in New York City be between 68-69°F on August 22?,True,False,2026-08-22,2026-08-21,596.763523,558.763523,245.2453,,"{""Yes"": 0.58, ""No"": 0.42}","[""102161550546141171718592932188454213460635585161963173365335629871525879686627"", ""62248823643995751731227370875463031992607697617523717400611442648094026925537""]",1787385339798,0.51,0.35,0.65,0.49,589.44,835.01,0.757505,0.49
2026-08-22T07:49:42.304758+00:00,New York City,0xeb9437a98c93f75d5cfd1ba36ad11563996c7b48b7722457978ebe12cbea60f3,Will the lowest temperature in New York City be between 70-71°F on August 22?,True,False,2026-08-22,2026-08-21,213.17886700000003,179.70827999999997,88.1101,,"{""Yes"": 0.235, ""No"": 0.765}","[""90335072572473530532445096481344729704494866468199046823791889372819977574128"", ""83090340422046528949177736108663528002668483123667297806592548039819000596025""]",1787384501790,0.15,0.68,0.32,0.85,267.1,464.64,0.606716,0.929066
2026-08-22T07:49:42.304771+00:00,New York City,0xbde966425cdd788bd024982a5ee0e119a159c88c0443add283d42df0a493c31b,Will the lowest temperature in New York City be between 72-73°F on August 22?,True,False,2026-08-22,2026-08-21,991.2412,959.2411999999999,6463.115,,"{""Yes"": 0.0005, ""No"": 0.9995}","[""77348581478469193025373299675539767896079436532791539162461001183884931566275"", ""25718091385299197858687993541357133666433211818732057358057946891320711386520""]",1787385332515,,0.999,0.001,,9163.36,0.0,0.015877,
2026-08-22T07:49:42.304785+00:00,New York City,0xba96e05af67328c367c660e00a49e84879175db0aa8dda26078624372a685c2e,Will the lowest temperature in New York City be between 74-75°F on August 22?,True,False,2026-08-22,2026-08-21,446.08000000000004,384.04,5256.73708,,"{""Yes"": 0.0005, ""No"": 0.9995}","[""19535018881362563194304737615410708838997688466633096387809969256217446161129"", ""39876616032408383185314067220007911162055542005557097175729260358462038899765""]",1787385278350,,0.999,0.001,,6129.67,0.0,0.019227,
2026-08-22T07:49:42.304794+00:00,New York City,0xc24073a4e63982d8ed1b569ff89ce337c1e6c14e14e3546affbea9d617643e75,Will the lowest temperature in New York City be between 76-77°F on August 22?,True,False,2026-08-22,2026-08-21,184.0,172.0,5947.61344,,"{""Yes"": 0.0005, ""No"": 0.9995}","[""86814143036964066695108823197756480372562391896588142422103788090182359176122"", ""66590717440993268935187443317507451587097336853789459429433486685779409405047""]",1787383741038,,0.999,0.001,,4507.76,0.0,0.016826,
2026-08-22T07:49:42.304809+00:00,New York City,0x4115b736021acabd1cb943facdc67ba9d7266368233e8580fdd802562333a36e,Will the lowest temperature in New York City be 78°F or higher on August 22?,True,False,2026-08-22,2026-08-21,174.0,162.0,6502.93777,,"{""Yes"": 0.0005, ""No"": 0.9995}","[""82225531464765892409447886498262082024313588109407190388031720876269319106258"", ""74548726440436727656651188714024117760858455945047034132131889162404588900475""]",1787383275675,,0.999,0.001,,4232.43,0.0,0.015353,
2026-08-22T07:49:42.304821+00:00,New York City,0x60e023fc412734dce63432c5e2ec69e609eeb7b86a96351577591431753b5fb5,Will the highest temperature in New York City be 67°F or below on August 22?,True,False,2026-08-22,2026-08-21,7491.437,5275.44,32545.89941,,"{""Yes"": 0.0005, ""No"": 0.9995}","[""58968776578131649117981021315210454022108642050324490888229625074165333799511"", ""41292985683615773710167809043078841084013491213403163839637002881120847403486""]",1787385353362,,0.999,0.001,,14345.77,0.0,0.003007,
2026-08-22T07:49:42.304834+00:00,New York City,0x942d5d8929fcffed966774106f730d780db56b5115c2393001dfaffb7183083a,Will the highest temperature in New York City be between 68-69°F on August 22?,True,False,2026-08-22,2026-08-21,5658.6322,3947.6420000000003,33544.9699,,"{""Yes"": 0.0005, ""No"": 0.9995}","[""84961300753189087718453506028435441023757547801371175621706860012430249562729"", ""28516945579299192627698888404531229365159323903892974075223308204806776744087""]",1787385320021,,0.999,0.001,,25538.36,0.0,0.002925,
2026-08-22T07:49:42.304847+00:00,New York City,0x25ce1b7b7387148c413ee3f291856179ed1cc51904837697c67a656f5f7c6550,Will the highest temperature in New York City be between 70-71°F on August 22?,True,False,2026-08-22,2026-08-21,25697.689364999995,25635.689365000006,14331.02097,,"{""Yes"": 0.0005, ""No"": 0.9995}","[""98445577116205349494970594520006863753161724146388949535409280517965398256379"", ""52252001268139384492752364493136390733312855094828301203114436930170445408996""]",1787385353087,,0.999,0.001,,24198.44,0.0,0.004548,
2026-08-22T07:49:42.304859+00:00,New York City,0xe2d07c37d90dc585543f6a8eb8f35a6d773d9f66f5755a29f3e79d294cdede19,Will the highest temperature in New York City be between 72-73°F on August 22?,True,False,2026-08-22,2026-08-21,3377.602196,3051.832886,1530.5276,,"{""Yes"": 0.075, ""No"": 0.925}","[""114220303114617076912409921892040505656619131332387439130287480860707576745909"", ""13236288524812527820040865773156239659533617217184028146960115964622087322138""]",1787385351505,0.07,0.92,0.08,0.93,11724.9,5128.26,0.151591,0.93
2026-08-22T07:49:42.304871+00:00,New York City,0x6727f7f15d2b8ea1f006316669329f60dd0ab606804001e1dbca2dbd9b2dfa5c,Will the highest temperature in New York City be between 74-75°F on August 22?,True,False,2026-08-22,2026-08-21,6819.908093,6309.459534,4564.3242,,"{""Yes"": 0.265, ""No"": 0.735}","[""90081247998737697857319215891369197249427667829382780475732070333954048890030"", ""58103310499352188449263875038377397364480312690044039250975224628229161783444""]",1787385353030,0.26,0.73,0.27,0.74,13277.81,1373.76,0.326872,0.74
2026-08-22T07:49:42.304885+00:00,New York City,0x7006795b6e514c73ff43ff60ef2a19cff95a577e95beda17cd301995695383d7,Will the highest temperature in New York City be between 76-77°F on August 22?,True,False,2026-08-22,2026-08-21,3772.2266200000013,3518.633778,4726.5166,,"{""Yes"": 0.415, ""No"": 0.585}","[""51395141563796878258814105826509377342667166367686163704949255870609779201923"", ""50000293278698818965769428661779246637782788825829140395290118342754901858104""]",1787385336606,0.45,0.54,0.46,0.55,11008.07,866.0,0.474438,0.551779
2026-08-22T07:49:42.304898+00:00,New York City,0x6e378c63553894bcef76fcec43468bcb44381ebd38714f4d422fc812d9861364,Will the highest temperature in New York City be between 78-79°F on August 22?,True,False,2026-08-22,2026-08-21,5001.454640999998,4821.467533,2135.8319,,"{""Yes"": 0.255, ""No"": 0.745}","[""83791725590918781771172010388732187290846129006883104378432893557012227941485"", ""10888944644112166978679204926526714075321060019023309634645096996066942947028""]",1787385351494,0.21,0.77,0.23,0.79,14300.93,1271.92,0.250091,0.798563
2026-08-22T07:49:42.304911+00:00,New York City,0x258d8e49414b645925e1525e4731d67f4121e13158a22078c77e935fa828776a,Will the highest temperature in New York City be between 80-81°F on August 22?,True,False,2026-08-22,2026-08-21,4841.580158999999,4651.516208,1810.58944,,"{""Yes"": 0.0275, ""No"": 0.9725}","[""81398495580226134126340144488134510473693886599282393729088984636977861277750"", ""101162327800347123206682925721698241104250753673368978572687582424157202081976""]",1787385338663,0.006,0.974,0.026,0.994,41443.78,550.83,0.140817,0.994671
2026-08-22T07:49:42.304923+00:00,New York City,0xe73b08187095283569e9a87dd424921002c74bcd681135800db6930184f116df,Will the highest temperature in New York City be between 82-83°F on August 22?,True,False,2026-08-22,2026-08-21,1728.354257,1681.5442569999998,3578.51907,,"{""Yes"": 0.005, ""No"": 0.995}","[""91237721705643528495040541693062976800336043664250418638214660931067071210350"", ""75202635143193836646670253443450412825867995093768447209082447765313777913441""]",1787385338337,,0.999,0.001,,33629.65,0.0,0.048118,
2026-08-22T07:49:42.304936+00:00,New York City,0xa416a8b75e923ab23c6ad6babfc8a5da546c916c38a0bd86b062a5014a9b8cb4,Will the highest temperature in New York City be between 84-85°F on August 22?,True,False,2026-08-22,2026-08-21,488.006,232.011,1318.03608,,"{""Yes"": 0.0005, ""No"": 0.9995}","[""32360688754587735790786636279225748224694138602650279984483573554774374694175"", ""26482122304855412186853138691363032087124653199807408125248748200267488038488""]",1787385352836,0.001,0.998,0.002,0.999,26183.86,9.19,0.089501,
2026-08-22T07:49:42.304950+00:00,New York City,0x9ab60f8814fed31200b36bd471d321d08231ab90b7ba3374f33ffb27b937d95d,Will the highest temperature in New York City be 86°F or higher on August 22?,True,False,2026-08-22,2026-08-21,485.74100000000004,103.75,2042.27113,,"{""Yes"": 0.0005, ""No"": 0.9995}","[""90802258199338684283763723709032693428714550902326081212921238210093757590330"", ""33198940399963249879376800329359855327762908607906799967233256383860226344780""]",1787385320021,,0.999,0.001,,4362.28,0.0,0.048301,
2026-08-22T07:49:42.304961+00:00,New York City,0xc9036371f91975f3035eaef6b8a90505300d2ed6c381e5a091f34e6f525b6c30,Will the highest temperature in New York City be 73°F or below on August 23?,True,False,2026-08-23,2026-08-22,143.17999999999998,153.18,2419.60674,,"{""Yes"": 0.0055, ""No"": 0.9945}","[""10501517808396503559679062613105280076493552725081490906123917029764933569068"", ""16539930148426566991001386772640020336886809696306294033523665045132545318797""]",1787385325111,0.002,0.991,0.009,0.998,4935.54,508.32,0.079745,0.998
2026-08-22T07:49:42.304971+00:00,New York City,0xfdd31b8352a5c8771b662fcdb464c773cc1d11bf974e659cb70f9ffa69f1d971,Will the highest temperature in New York City be between 74-75°F on August 23?,True,False,2026-08-23,2026-08-22,20.17,30.17,2073.56027,,"{""Yes"": 0.0055, ""No"": 0.9945}","[""112593911214148767251997447162048098507025776011516821062683980433117487587204"", ""28774677088252630300905164900322307897288593922313256849914430510520303670187""]",1787385350468,0.001,0.99,0.01,0.999,14962.63,210.8,0.12118,0.999
2026-08-22T07:49:42.304979+00:00,New York City,0xdff8dcf4bbc37881731bc3cd7d4ac6c9ebcadc43d2cc04451ca6d50700567d34,Will the highest temperature in New York City be between 76-77°F on August 23?,True,False,2026-08-23,2026-08-22,15.2052,25.2052,1673.30686,,"{""Yes"": 0.03, ""No"": 0.97}","[""62829073598251019513915763061620999817960159076895788159212448057654320897962"", ""84041388028731725957829593393523520675880853212883236770194889568065753948580""]",1787385351067,0.015,0.955,0.045,0.985,15581.61,1522.76,0.143685,0.986033
2026-08-22T07:49:42.304989+00:00,New York City,0x16a2264e070d745d1181c9892bf39e12b9dcb300f521ef75e8715327e48f5429,Will the highest temperature in New York City be between 78-79°F on August 23?,True,False,2026-08-23,2026-08-22,141.84389900000002,154.033899,2051.3358,,"{""Yes"": 0.105, ""No"": 0.895}","[""99008833481370731920855473787773616780163563011492750734789352629703483318767"", ""44828389890422355055512282211707089824388453115742352625652849918528510892634""]",1787385351196,0.09,0.9,0.1,0.91,15567.67,1515.22,0.179403,0.91
2026-08-22T07:49:42.304998+00:00,New York City,0x96643f2898239f932349a05ae7f2c35559619ffb85c5392bb409397a2033da2a,Will the highest temperature in New York City be between 80-81°F on August 23?,True,False,2026-08-23,2026-08-22,179.213125,189.21312499999996,2218.5621,,"{""Yes"": 0.295, ""No"": 0.705}","[""38471214694170037984973568648626321853290574777070945187168512580638224047691"", ""57259393671183172582735310615165731463003209662048889377423041072317121773930""]",1787385350431,0.36,0.63,0.37,0.64,16241.4,2250.59,0.375843,0.649286
2026-08-22T07:49:42.305006+00:00,New York City,0xb7ac66dbfe44ae9a9bc7aba9774d8f06cfd2d777155025993654263adf78ac13,Will the highest temperature in New York City be between 82-83°F on August 23?,True,False,2026-08-23,2026-08-22,158.84312699999998,176.33312700000002,1700.8457,,"{""Yes"": 0.385, ""No"": 0.615}","[""38902169854652465630947854107317854773848010553570595835561074295476091954219"", ""6880128462746070135371935773408905637598101683104843419847437315115438647321""]",1787385350430,0.38,0.61,0.39,0.62,14381.19,4032.32,0.401724,0.62
2026-08-22T07:49:42.305015+00:00,New York City,0x714f5f1a3a9e8549a6390de8ee6faf63d888a3ab2954cea29c21c8cf4d3ea803,Will the highest temperature in New York City be between 84-85°F on August 23?,True,False,2026-08-23,2026-08-22,137.82588900000002,173.82588900000002,1796.5598,,"{""Yes"": 0.115, ""No"": 0.885}","[""17038710002793063990392478273767776431217094462603108901566464212730505441264"", ""53289516700889681580133774628163618738689195710639848372945100123825138670438""]",1787385350407,0.1,0.89,0.11,0.9,15554.58,2276.27,0.181327,0.906455
2026-08-22T07:49:42.305024+00:00,New York City,0xc61a4545e137bab8119d71e25184238450e011383cb9906667c8562762ae56ea,Will the highest temperature in New York City be between 86-87°F on August 23?,True,False,2026-08-23,2026-08-22,49.18,59.18,1497.3716,,"{""Yes"": 0.03, ""No"": 0.97}","[""103608175012448499910775714089032094918845576128750358412668580846019845532387"", ""113385366596592597814917790331990980266455298839766004097226405663918192965083""]",1787385349925,0.01,0.96,0.04,0.99,13375.28,202.95,0.11223,0.99
2026-08-22T07:49:42.305032+00:00,New York City,0x97eeb6e6a72cb792b68e9a9454aa7c3f7e74746393900643b3b162547a587c95,Will the highest temperature in New York City be between 88-89°F on August 23?,True,False,2026-08-23,2026-08-22,30.17,40.17,1957.0592,,"{""Yes"": 0.015, ""No"": 0.985}","[""114838494395643787940169365281062314792066024869237367327695044887469706733593"", ""109900369320075389007190344200979532199724927951718771892516491750534698347746""]",1787385350407,,0.97,0.03,,13490.73,0.0,0.135106,
2026-08-22T07:49:42.305040+00:00,New York City,0xb33ea35df7e20788eb863a8913b0d04ebd7c0d900d6b54ca5b7264b41280b06d,Will the highest temperature in New York City be between 90-91°F on August 23?,True,False,2026-08-23,2026-08-22,30.17,40.17,2203.63653,,"{""Yes"": 0.0045, ""No"": 0.9955}","[""56081030867967291153857547461153886031899854227951226713971332403073818045533"", ""12246287985759348649967848152152215415064867795192738483400415644170095101704""]",1787385350407,0.002,0.993,0.007,0.998,15209.24,315.4,0.115013,0.998
2026-08-22T07:49:42.305047+00:00,New York City,0xd81e24363e9032f71e4b3bcc6172b8658d30cae6ca793521e6aedae693d44443,Will the highest temperature in New York City be 92°F or higher on August 23?,True,False,2026-08-23,2026-08-22,138.175,148.175,3486.83603,,"{""Yes"": 0.003, ""No"": 0.997}","[""96059710701050699345409109008774733443452819159964144536091672091931640669656"", ""82164490970881232273561758214562714222586308963935020439603047630558572723413""]",1787385350407,0.002,0.996,0.004,0.998,5270.17,448.28,0.044129,0.998
2026-08-22T07:49:42.305056+00:00,New York City,0xf54c033197acc057350bcb3f6d5f2feda7c8bb850920f008479e6a05f8d97801,Will the lowest temperature in New York City be 59°F or below on August 23?,True,False,2026-08-23,2026-08-22,5.0,10.0,813.20239,,"{""Yes"": 0.0105, ""No"": 0.9895}","[""41913461189028344507895252785216841444603178472297165560331836124148706365467"", ""91015721423101112190959656039967433816753262625439181065136100173982143003079""]",1787385349652,0.002,0.981,0.019,0.998,694.91,194.72,0.111708,0.998152
2026-08-22T07:49:42.305064+00:00,New York City,0x5a980885aaeebbaa301e96b374d8848428ed688d9ad421fec2e0403206880bda,Will the lowest temperature in New York City be between 60-61°F on August 23?,True,False,2026-08-23,2026-08-22,5.0,10.0,815.2612,,"{""Yes"": 0.01, ""No"": 0.99}","[""34708389771261436513875651680918471994008182689217040058196582123745422313544"", ""92148277642001454670628007038423530304847052222229790925054881143767927985130""]",1787385329365,,0.98,0.02,,5149.1,0.0,0.129282,
2026-08-22T07:49:42.305071+00:00,New York City,0x6191fa410034adab4ec97add27d9dafd007900dbca4e2c3cb7acb9e6228127ad,Will the lowest temperature in New York City be between 62-63°F on August 23?,True,False,2026-08-23,2026-08-22,15.0,15.0,206.6844,,"{""Yes"": 0.055, ""No"": 0.945}","[""25571084448407965069777688199749495797456120322699899958504451972139602637736"", ""111247815246430826017067494082678694522123993199889962038977612676826346203282""]",1787384617621,,0.89,0.11,,4492.66,0.0,0.462542,
2026-08-22T07:49:42.305079+00:00,New York City,0xc98a211856bd6009ae6611104676cf119438cfb7092fce98bea36542ce3fa49d,Will the lowest temperature in New York City be between 64-65°F on August 23?,True,False,2026-08-23,2026-08-22,60.989125,60.989125,218.2682,,"{""Yes"": 0.075, ""No"": 0.925}","[""81814558559019248028254087088241572223430133435721336539678062917305548908416"", ""26049116177937411211761011915147615512055879083869278830198611672766524328465""]",1787385289364,0.01,0.85,0.15,0.99,4491.66,141.57,0.415493,0.99
2026-08-22T07:49:42.305087+00:00,New York City,0x07546d5d4dc1731b628ae465ff0c3c8b9569d00865a0b98ebb37c3796b541924,Will the lowest temperature in New York City be between 66-67°F on August 23?,True,False,2026-08-23,2026-08-22,0.0,0.0,226.0521,,"{""Yes"": 0.165, ""No"": 0.835}","[""27741605023909144744600208994630187557025032271603385158433763556840509191923"", ""32313089525816244992767397782013546351091861012806371928399928016639714626131""]",1787385350220,0.02,0.71,0.29,0.98,4530.66,170.28,0.444605,0.980295
2026-08-22T07:49:42.305095+00:00,New York City,0x5f831087882c112ea8a710483b9fac76def107d07363d55b3cd8f02ad60cb784,Will the lowest temperature in New York City be between 68-69°F on August 23?,True,False,2026-08-23,2026-08-22,0.0,0.0,206.9635,,"{""Yes"": 0.255, ""No"": 0.745}","[""62731327394872024260018077248079612250729736322196134319497499153154357694890"", ""77942760536036459065628831918667521873575363585765768263676138781889777487108""]",1787385349648,0.09,0.58,0.42,0.91,4550.58,1590.26,0.56608,0.91
2026-08-22T07:49:42.305103+00:00,New York City,0x6e41bc702e225ebee2ef744e36575b0beb00cae5f8d7c4965a6839b908a7bbef,Will the lowest temperature in New York City be between 70-71°F on August 23?,True,False,2026-08-23,2026-08-22,1.35135,1.35135,241.5953,,"{""Yes"": 0.44, ""No"": 0.56}","[""97929326759611566086045398151294653654679302920327882000632632383469767154285"", ""94968669357615007409266742991227210201417230062690320900279905223637984197950""]",1787385117197,0.41,0.53,0.47,0.59,4559.44,1316.78,0.548469,0.703368
2026-08-22T07:49:42.305111+00:00,New York City,0x3c1bffbc72d1170a3c402357bf013b8823d3900c49c8b37eb63b240e397a5373,Will the lowest temperature in New York City be between 72-73°F on August 23?,True,False,2026-08-23,2026-08-22,10.136358,10.136358,224.0842,,"{""Yes"": 0.165, ""No"": 0.835}","[""31445166572879133259435842922747699234629564073372047282691875686213207469126"", ""98981965662187048906475461859543917805124754119113895151772985911396791238194""]",1787385350218,0.14,0.81,0.19,0.86,4514.18,371.35,0.519118,0.86
2026-08-22T07:49:42.305120+00:00,New York City,0x97dfd04eae5361848b9caf0e379b837a8037b6404039ad37323a971d58f098e4,Will the lowest temperature in New York City be between 74-75°F on August 23?,True,False,2026-08-23,2026-08-22,10.0,10.0,193.0239,,"{""Yes"": 0.045, ""No"": 0.955}","[""41714088549412194627884398821390833657416130732117532517431298221072732288703"", ""62842949275880786458820919355393417558406061876802088275856269429081131191378""]",1787384392598,0.01,0.92,0.08,0.99,4484.74,131.67,0.479878,0.99
2026-08-22T07:49:42.305129+00:00,New York City,0x2319a9f4211b9d1dd8d5cfd5266eac5e2cb69ea2a70b633ea9f8deac11b4ec4d,Will the lowest temperature in New York City be between 76-77°F on August 23?,True,False,2026-08-23,2026-08-22,30.119999999999997,40.12,1004.1808,,"{""Yes"": 0.015, ""No"": 0.985}","[""92331854501114406890782732486050648149419036081783782146869895416355863944794"", ""57886385134129928159238646368632554049697745251836485605418183650283651196115""]",1787385349653,0.01,0.98,0.02,0.99,4590.86,82.13,0.276093,
2026-08-22T07:49:42.305136+00:00,New York City,0x8b3964088dc4f5921476e0f417a6bfa6e2756659cd61871c8f5bd4145974edcc,Will the lowest temperature in New York City be 78°F or higher on August 23?,True,False,2026-08-23,2026-08-22,5.0,15.0,730.0476,,"{""Yes"": 0.015, ""No"": 0.985}","[""74868967738772559701068344511495423353799737045151713312441529878854038744890"", ""79856954817952259451687076098873020309882007444904034332054546862116276250193""]",1787385349645,,0.97,0.03,,299.98,0.0,0.31092,
2026-08-22T08:52:04.938207+00:00,New York City,0x54dcc4454625f5f1d334566744d9096a1149874f5d960db58b831a74e095b5d5,Will the lowest temperature in New York City be 59°F or below on August 22?,True,False,2026-08-22,2026-08-21,214.018,202.018,1006.807,,"{""Yes"": 0.0005, ""No"": 0.9995}","[""22176085656247966028331551853638107537470051324335055789558369382929683210343"", ""2267978970326297723553940601314171628859636069224705401708236892850840788574""]",1787387529797,,0.999,0.001,,4064.19,0.0,0.097827,
2026-08-22T08:52:04.938246+00:00,New York City,0x4a329c3c83c03df36dfab693a263300d0681bdac863efe7f81c3271b59f75abd,Will the lowest temperature in New York City be between 60-61°F on August 22?,True,False,2026-08-22,2026-08-21,323.01599999999996,306.01599999999996,229.069,,"{""Yes"": 0.0005, ""No"": 0.9995}","[""57167492078919856972518558145921607569548726888853941010667963281057213184432"", ""30525319886414391606885741506677872028934770762542779414612397146283819035961""]",1787389059809,0.001,0.996,0.004,0.999,4031.47,199.8,0.212893,0.999
2026-08-22T08:52:04.938267+00:00,New York City,0xef097895a83907dbe3ec3e8d22545bffb5ac4b592dd6170a6eee80ca9cc293bb,Will the lowest temperature in New York City be between 62-63°F on August 22?,True,False,2026-08-22,2026-08-21,256.47,228.10000000000002,495.9762,,"{""Yes"": 0.01, ""No"": 0.99}","[""45681626258458280676213473424882847719722052069172846841022502505853622627439"", ""80011524950630074551789238568474286480241672837405698472638837569921200162148""]",1787389019141,,0.98,0.02,,2388.24,0.0,0.182146,
2026-08-22T08:52:04.938290+00:00,New York City,0x002fc34dd896077b110da622105033345a005b0acb6bd69b0822b3737cb65ddd,Will the lowest temperature in New York City be between 64-65°F on August 22?,True,False,2026-08-22,2026-08-21,254.28135,217.23879999999997,103.8567,,"{""Yes"": 0.045, ""No"": 0.955}","[""63773393739221834104651676663344121685573450563857634042856283335549537102653"", ""88033838603680297674698215778109359526350169078051715115814074079069409687995""]",1787389030051,0.01,0.92,0.08,0.99,416.83,415.88,0.512249,0.99
2026-08-22T08:52:04.938310+00:00,New York City,0xfab18e113307d1f42049c66a1a92ace3e327dd10c09d0c19144bd71783463364,Will the lowest temperature in New York City be between 66-67°F on August 22?,True,False,2026-08-22,2026-08-21,276.525547,236.784197,68.1941,,"{""Yes"": 0.085, ""No"": 0.915}","[""92163698769008901414801228646341607937236816654571095417680419783334040742305"", ""79147634621270984375661486233617478153672859175960026083035358069964394312020""]",1787389099799,0.03,0.86,0.14,0.97,442.98,472.71,0.674876,0.97
2026-08-22T08:52:04.938329+00:00,New York City,0x5dbe4930a2d69c3974d78c6f145e0ae7aef0afe859945440962589545d15c27e,Will the lowest temperature in New York City be between 68-69°F on August 22?,True,False,2026-08-22,2026-08-21,756.6700410000001,706.6700409999999,52.7476,,"{""Yes"": 0.485, ""No"": 0.515}","[""102161550546141171718592932188454213460635585161963173365335629871525879686627"", ""62248823643995751731227370875463031992607697617523717400611442648094026925537""]",1787389109968,0.36,0.37,0.63,0.64,370.56,499.4,0.770618,0.79385
2026-08-22T08:52:04.938348+00:00,New York City,0xeb9437a98c93f75d5cfd1ba36ad11563996c7b48b7722457978ebe12cbea60f3,Will the lowest temperature in New York City be between 70-71°F on August 22?,True,False,2026-08-22,2026-08-21,213.17886700000003,179.70827999999997,53.4275,,"{""Yes"": 0.435, ""No"": 0.565}","[""90335072572473530532445096481344729704494866468199046823791889372819977574128"", ""83090340422046528949177736108663528002668483123667297806592548039819000596025""]",1787389039968,0.15,0.5,0.5,0.85,256.45,465.25,0.759467,0.929066
2026-08-22T08:52:04.938368+00:00,New York City,0xbde966425cdd788bd024982a5ee0e119a159c88c0443add283d42df0a493c31b,Will the lowest temperature in New York City be between 72-73°F on August 22?,True,False,2026-08-22,2026-08-21,991.2411999999999,959.2411999999999,11182.7378,,"{""Yes"": 0.0005, ""No"": 0.9995}","[""77348581478469193025373299675539767896079436532791539162461001183884931566275"", ""25718091385299197858687993541357133666433211818732057358057946891320711386520""]",1787389059898,,0.999,0.001,,9462.88,0.0,0.008316,
2026-08-22T08:52:04.938387+00:00,New York City,0xba96e05af67328c367c660e00a49e84879175db0aa8dda26078624372a685c2e,Will the lowest temperature in New York City be between 74-75°F on August 22?,True,False,2026-08-22,2026-08-21,446.08000000000004,384.04,9995.5827,,"{""Yes"": 0.0005, ""No"": 0.9995}","[""19535018881362563194304737615410708838997688466633096387809969256217446161129"", ""39876616032408383185314067220007911162055542005557097175729260358462038899765""]",1787388893724,,0.999,0.001,,6390.8,0.0,0.010021,
2026-08-22T08:52:04.938406+00:00,New York City,0xc24073a4e63982d8ed1b569ff89ce337c1e6c14e14e3546affbea9d617643e75,Will the lowest temperature in New York City be between 76-77°F on August 22?,True,False,2026-08-22,2026-08-21,184.0,172.0,6111.274,,"{""Yes"": 0.0005, ""No"": 0.9995}","[""86814143036964066695108823197756480372562391896588142422103788090182359176122"", ""66590717440993268935187443317507451587097336853789459429433486685779409405047""]",1787388979805,,0.999,0.001,,4259.12,0.0,0.009332,
2026-08-22T08:52:04.938423+00:00,New York City,0x4115b736021acabd1cb943facdc67ba9d7266368233e8580fdd802562333a36e,Will the lowest temperature in New York City be 78°F or higher on August 22?,True,False,2026-08-22,2026-08-21,174.0,162.0,11276.196,,"{""Yes"": 0.0005, ""No"": 0.9995}","[""82225531464765892409447886498262082024313588109407190388031720876269319106258"", ""74548726440436727656651188714024117760858455945047034132131889162404588900475""]",1787388893381,,0.999,0.001,,4144.81,0.0,0.008851,
2026-08-22T08:52:04.938442+00:00,New York City,0x60e023fc412734dce63432c5e2ec69e609eeb7b86a96351577591431753b5fb5,Will the highest temperature in New York City be 67°F or below on August 22?,True,False,2026-08-22,2026-08-21,7491.437,5275.44,35455.68813,,"{""Yes"": 0.0005, ""No"": 0.9995}","[""58968776578131649117981021315210454022108642050324490888229625074165333799511"", ""41292985683615773710167809043078841084013491213403163839637002881120847403486""]",1787389108858,,0.999,0.001,,14375.29,0.0,0.002834,
2026-08-22T08:52:04.938460+00:00,New York City,0x942d5d8929fcffed966774106f730d780db56b5115c2393001dfaffb7183083a,Will the highest temperature in New York City be between 68-69°F on August 22?,True,False,2026-08-22,2026-08-21,5658.6322,3947.642,36953.67183,,"{""Yes"": 0.0005, ""No"": 0.9995}","[""84961300753189087718453506028435441023757547801371175621706860012430249562729"", ""28516945579299192627698888404531229365159323903892974075223308204806776744087""]",1787388065220,,0.999,0.001,,25586.94,0.0,0.002727,
2026-08-22T08:52:04.938478+00:00,New York City,0x25ce1b7b7387148c413ee3f291856179ed1cc51904837697c67a656f5f7c6550,Will the highest temperature in New York City be between 70-71°F on August 22?,True,False,2026-08-22,2026-08-21,25697.689365,25635.689365,22674.88942,,"{""Yes"": 0.0005, ""No"": 0.9995}","[""98445577116205349494970594520006863753161724146388949535409280517965398256379"", ""52252001268139384492752364493136390733312855094828301203114436930170445408996""]",1787388880236,,0.999,0.001,,24015.88,0.0,0.004314,
2026-08-22T08:52:04.938497+00:00,New York City,0xe2d07c37d90dc585543f6a8eb8f35a6d773d9f66f5755a29f3e79d294cdede19,Will the highest temperature in New York City be between 72-73°F on August 22?,True,False,2026-08-22,2026-08-21,3763.8234669999997,3438.054157,1525.8816,,"{""Yes"": 0.07, ""No"": 0.93}","[""114220303114617076912409921892040505656619131332387439130287480860707576745909"", ""13236288524812527820040865773156239659533617217184028146960115964622087322138""]",1787389109418,0.04,0.95,0.05,0.96,10448.62,1507.85,0.151907,0.96
2026-08-22T08:52:04.938515+00:00,New York City,0x6727f7f15d2b8ea1f006316669329f60dd0ab606804001e1dbca2dbd9b2dfa5c,Will the highest temperature in New York City be between 74-75°F on August 22?,True,False,2026-08-22,2026-08-21,7100.6481269999995,6584.584184999999,2050.6275,,"{""Yes"": 0.26, ""No"": 0.74}","[""90081247998737697857319215891369197249427667829382780475732070333954048890030"", ""58103310499352188449263875038377397364480312690044039250975224628229161783444""]",1787389114749,0.25,0.73,0.27,0.75,9889.31,1393.81,0.278553,0.759013
2026-08-22T08:52:04.938533+00:00,New York City,0x7006795b6e514c73ff43ff60ef2a19cff95a577e95beda17cd301995695383d7,Will the highest temperature in New York City be between 76-77°F on August 22?,True,False,2026-08-22,2026-08-21,4744.762428999999,4489.639587,2518.8736,,"{""Yes"": 0.475, ""No"": 0.525}","[""51395141563796878258814105826509377342667166367686163704949255870609779201923"", ""50000293278698818965769428661779246637782788825829140395290118342754901858104""]",1787389097423,0.45,0.53,0.47,0.55,11945.83,1083.41,0.477945,0.550682
2026-08-22T08:52:04.938550+00:00,New York City,0x6e378c63553894bcef76fcec43468bcb44381ebd38714f4d422fc812d9861364,Will the highest temperature in New York City be between 78-79°F on August 22?,True,False,2026-08-22,2026-08-21,5288.585056,5065.248594,2476.2323,,"{""Yes"": 0.23, ""No"": 0.77}","[""83791725590918781771172010388732187290846129006883104378432893557012227941485"", ""10888944644112166978679204926526714075321060019023309634645096996066942947028""]",1787389108915,0.22,0.77,0.23,0.78,14509.91,1694.03,0.241181,0.788581
2026-08-22T08:52:04.938569+00:00,New York City,0x258d8e49414b645925e1525e4731d67f4121e13158a22078c77e935fa828776a,Will the highest temperature in New York City be between 80-81°F on August 22?,True,False,2026-08-22,2026-08-21,5033.981243,4843.917292,1694.49938,,"{""Yes"": 0.0225, ""No"": 0.9775}","[""81398495580226134126340144488134510473693886599282393729088984636977861277750"", ""101162327800347123206682925721698241104250753673368978572687582424157202081976""]",1787389054801,0.018,0.971,0.029,0.982,37531.02,3767.78,0.15768,0.985015
2026-08-22T08:52:04.938587+00:00,New York City,0xe73b08187095283569e9a87dd424921002c74bcd681135800db6930184f116df,Will the highest temperature in New York City be between 82-83°F on August 22?,True,False,2026-08-22,2026-08-21,1789.765248,1742.9552479999998,3641.77242,,"{""Yes"": 0.0005, ""No"": 0.9995}","[""91237721705643528495040541693062976800336043664250418638214660931067071210350"", ""75202635143193836646670253443450412825867995093768447209082447765313777913441""]",1787388964914,0.001,0.993,0.007,0.999,33651.23,199.8,0.048119,0.999
2026-08-22T08:52:04.938611+00:00,New York City,0xa416a8b75e923ab23c6ad6babfc8a5da546c916c38a0bd86b062a5014a9b8cb4,Will the highest temperature in New York City be between 84-85°F on August 22?,True,False,2026-08-22,2026-08-21,1628.1295209999998,1277.134521,1739.44907,,"{""Yes"": 0.001, ""No"": 0.999}","[""32360688754587735790786636279225748224694138602650279984483573554774374694175"", ""26482122304855412186853138691363032087124653199807408125248748200267488038488""]",1787388065220,,0.998,0.002,,26186.69,0.0,0.068492,
2026-08-22T08:52:04.938631+00:00,New York City,0x9ab60f8814fed31200b36bd471d321d08231ab90b7ba3374f33ffb27b937d95d,Will the highest temperature in New York City be 86°F or higher on August 22?,True,False,2026-08-22,2026-08-21,485.74100000000004,103.75,2207.58184,,"{""Yes"": 0.0005, ""No"": 0.9995}","[""90802258199338684283763723709032693428714550902326081212921238210093757590330"", ""33198940399963249879376800329359855327762908607906799967233256383860226344780""]",1787388992630,,0.999,0.001,,4430.48,0.0,0.04674,
2026-08-22T08:52:04.938647+00:00,New York City,0xc9036371f91975f3035eaef6b8a90505300d2ed6c381e5a091f34e6f525b6c30,Will the highest temperature in New York City be 73°F or below on August 23?,True,False,2026-08-23,2026-08-22,163.17999999999998,173.18,2417.32088,,"{""Yes"": 0.0055, ""No"": 0.9945}","[""10501517808396503559679062613105280076493552725081490906123917029764933569068"", ""16539930148426566991001386772640020336886809696306294033523665045132545318797""]",1787389069466,0.002,0.991,0.009,0.998,4790.66,488.36,0.070236,0.998
2026-08-22T08:52:04.938659+00:00,New York City,0xfdd31b8352a5c8771b662fcdb464c773cc1d11bf974e659cb70f9ffa69f1d971,Will the highest temperature in New York City be between 74-75°F on August 23?,True,False,2026-08-23,2026-08-22,40.17,50.17,2883.01917,,"{""Yes"": 0.005, ""No"": 0.995}","[""112593911214148767251997447162048098507025776011516821062683980433117487587204"", ""28774677088252630300905164900322307897288593922313256849914430510520303670187""]",1787389109312,0.001,0.991,0.009,0.999,14957.36,200.8,0.086001,0.999
2026-08-22T08:52:04.938670+00:00,New York City,0xdff8dcf4bbc37881731bc3cd7d4ac6c9ebcadc43d2cc04451ca6d50700567d34,Will the highest temperature in New York City be between 76-77°F on August 23?,True,False,2026-08-23,2026-08-22,35.2052,45.2052,2414.93491,,"{""Yes"": 0.022, ""No"": 0.978}","[""62829073598251019513915763061620999817960159076895788159212448057654320897962"", ""84041388028731725957829593393523520675880853212883236770194889568065753948580""]",1787389109312,0.015,0.971,0.029,0.985,15796.63,1512.91,0.106172,0.986914
2026-08-22T08:52:04.938681+00:00,New York City,0x16a2264e070d745d1181c9892bf39e12b9dcb300f521ef75e8715327e48f5429,Will the highest temperature in New York City be between 78-79°F on August 23?,True,False,2026-08-23,2026-08-22,161.84389900000002,174.033899,2263.4362,,"{""Yes"": 0.09, ""No"": 0.91}","[""99008833481370731920855473787773616780163563011492750734789352629703483318767"", ""44828389890422355055512282211707089824388453115742352625652849918528510892634""]",1787389109312,0.08,0.9,0.1,0.92,15716.41,1924.45,0.139488,0.92
2026-08-22T08:52:04.938691+00:00,New York City,0x96643f2898239f932349a05ae7f2c35559619ffb85c5392bb409397a2033da2a,Will the highest temperature in New York City be between 80-81°F on August 23?,True,False,2026-08-23,2026-08-22,646.8282589999999,656.828259,2171.3888,,"{""Yes"": 0.385, ""No"": 0.615}","[""38471214694170037984973568648626321853290574777070945187168512580638224047691"", ""57259393671183172582735310615165731463003209662048889377423041072317121773930""]",1787389109912,0.38,0.61,0.39,0.62,14304.44,2682.73,0.3998,0.62
2026-08-22T08:52:04.938702+00:00,New York City,0xb7ac66dbfe44ae9a9bc7aba9774d8f06cfd2d777155025993654263adf78ac13,Will the highest temperature in New York City be between 82-83°F on August 23?,True,False,2026-08-23,2026-08-22,273.09611099999995,290.586111,2674.2332,,"{""Yes"": 0.4, ""No"": 0.6}","[""38902169854652465630947854107317854773848010553570595835561074295476091954219"", ""6880128462746070135371935773408905637598101683104843419847437315115438647321""]",1787389109361,0.38,0.61,0.39,0.62,14668.39,4388.65,0.3998,0.62
2026-08-22T08:52:04.938712+00:00,New York City,0x714f5f1a3a9e8549a6390de8ee6faf63d888a3ab2954cea29c21c8cf4d3ea803,Will the highest temperature in New York City be between 84-85°F on August 23?,True,False,2026-08-23,2026-08-22,567.307705,603.307705,2309.8824,,"{""Yes"": 0.115, ""No"": 0.885}","[""17038710002793063990392478273767776431217094462603108901566464212730505441264"", ""53289516700889681580133774628163618738689195710639848372945100123825138670438""]",1787389109312,0.11,0.88,0.12,0.89,15810.78,2787.7,0.160151,0.89
2026-08-22T08:52:04.938722+00:00,New York City,0xc61a4545e137bab8119d71e25184238450e011383cb9906667c8562762ae56ea,Will the highest temperature in New York City be between 86-87°F on August 23?,True,False,2026-08-23,2026-08-22,99.17,109.17,2259.7614,,"{""Yes"": 0.025, ""No"": 0.975}","[""103608175012448499910775714089032094918845576128750358412668580846019845532387"", ""113385366596592597814917790331990980266455298839766004097226405663918192965083""]",1787389056954,0.01,0.96,0.04,0.99,13593.41,163.36,0.130176,0.99
2026-08-22T08:52:04.938731+00:00,New York City,0x97eeb6e6a72cb792b68e9a9454aa7c3f7e74746393900643b3b162547a587c95,Will the highest temperature in New York City be between 88-89°F on August 23?,True,False,2026-08-23,2026-08-22,30.17,40.17,2331.3294,,"{""Yes"": 0.01, ""No"": 0.99}","[""114838494395643787940169365281062314792066024869237367327695044887469706733593"", ""109900369320075389007190344200979532199724927951718771892516491750534698347746""]",1787389109343,,0.98,0.02,,13396.98,0.0,0.105061,
2026-08-22T08:52:04.938741+00:00,New York City,0xb33ea35df7e20788eb863a8913b0d04ebd7c0d900d6b54ca5b7264b41280b06d,Will the highest temperature in New York City be between 90-91°F on August 23?,True,False,2026-08-23,2026-08-22,50.17,60.17,2591.44415,,"{""Yes"": 0.003, ""No"": 0.997}","[""56081030867967291153857547461153886031899854227951226713971332403073818045533"", ""12246287985759348649967848152152215415064867795192738483400415644170095101704""]",1787389054224,0.002,0.996,0.004,0.998,15095.56,285.45,0.105573,0.998
2026-08-22T08:52:04.938750+00:00,New York City,0xd81e24363e9032f71e4b3bcc6172b8658d30cae6ca793521e6aedae693d44443,Will the highest temperature in New York City be 92°F or higher on August 23?,True,False,2026-08-23,2026-08-22,158.175,168.175,3634.6337,,"{""Yes"": 0.003, ""No"": 0.997}","[""96059710701050699345409109008774733443452819159964144536091672091931640669656"", ""82164490970881232273561758214562714222586308963935020439603047630558572723413""]",1787389109312,0.002,0.996,0.004,0.998,5188.57,428.32,0.047413,0.998
2026-08-22T08:52:04.938760+00:00,New York City,0xf54c033197acc057350bcb3f6d5f2feda7c8bb850920f008479e6a05f8d97801,Will the lowest temperature in New York City be 59°F or below on August 23?,True,False,2026-08-23,2026-08-22,5.0,10.0,1460.737,,"{""Yes"": 0.0105, ""No"": 0.9895}","[""41913461189028344507895252785216841444603178472297165560331836124148706365467"", ""91015721423101112190959656039967433816753262625439181065136100173982143003079""]",1787389109406,0.002,0.981,0.019,0.998,1642.78,224.66,0.109568,0.998
2026-08-22T08:52:04.938770+00:00,New York City,0x5a980885aaeebbaa301e96b374d8848428ed688d9ad421fec2e0403206880bda,Will the lowest temperature in New York City be between 60-61°F on August 23?,True,False,2026-08-23,2026-08-22,5.0,10.0,1351.1612,,"{""Yes"": 0.01, ""No"": 0.99}","[""34708389771261436513875651680918471994008182689217040058196582123745422313544"", ""92148277642001454670628007038423530304847052222229790925054881143767927985130""]",1787389067305,,0.98,0.02,,5005.25,0.0,0.122199,
2026-08-22T08:52:04.938779+00:00,New York City,0x6191fa410034adab4ec97add27d9dafd007900dbca4e2c3cb7acb9e6228127ad,Will the lowest temperature in New York City be between 62-63°F on August 23?,True,False,2026-08-23,2026-08-22,15.0,15.0,215.2447,,"{""Yes"": 0.055, ""No"": 0.945}","[""25571084448407965069777688199749495797456120322699899958504451972139602637736"", ""111247815246430826017067494082678694522123993199889962038977612676826346203282""]",1787388619375,,0.89,0.11,,4522.09,0.0,0.484862,
2026-08-22T08:52:04.938788+00:00,New York City,0xc98a211856bd6009ae6611104676cf119438cfb7092fce98bea36542ce3fa49d,Will the lowest temperature in New York City be between 64-65°F on August 23?,True,False,2026-08-23,2026-08-22,60.989125,60.989125,221.2113,,"{""Yes"": 0.07, ""No"": 0.93}","[""81814558559019248028254087088241572223430133435721336539678062917305548908416"", ""26049116177937411211761011915147615512055879083869278830198611672766524328465""]",1787389079377,0.01,0.87,0.13,0.99,4501.51,151.47,0.491185,0.99
2026-08-22T08:52:04.938797+00:00,New York City,0x07546d5d4dc1731b628ae465ff0c3c8b9569d00865a0b98ebb37c3796b541924,Will the lowest temperature in New York City be between 66-67°F on August 23?,True,False,2026-08-23,2026-08-22,0.0,0.0,209.7956,,"{""Yes"": 0.11, ""No"": 0.89}","[""27741605023909144744600208994630187557025032271603385158433763556840509191923"", ""32313089525816244992767397782013546351091861012806371928399928016639714626131""]",1787389089374,0.02,0.8,0.2,0.98,4498.96,181.94,0.53181,0.98
2026-08-22T08:52:04.938806+00:00,New York City,0x5f831087882c112ea8a710483b9fac76def107d07363d55b3cd8f02ad60cb784,Will the lowest temperature in New York City be between 68-69°F on August 23?,True,False,2026-08-23,2026-08-22,0.0,0.0,203.3119,,"{""Yes"": 0.245, ""No"": 0.755}","[""62731327394872024260018077248079612250729736322196134319497499153154357694890"", ""77942760536036459065628831918667521873575363585765768263676138781889777487108""]",1787389109436,0.09,0.59,0.41,0.91,4494.27,1590.26,0.64611,0.91
2026-08-22T08:52:04.938815+00:00,New York City,0x6e41bc702e225ebee2ef744e36575b0beb00cae5f8d7c4965a6839b908a7bbef,Will the lowest temperature in New York City be between 70-71°F on August 23?,True,False,2026-08-23,2026-08-22,21.36135,21.36135,205.5368,,"{""Yes"": 0.45, ""No"": 0.55}","[""97929326759611566086045398151294653654679302920327882000632632383469767154285"", ""94968669357615007409266742991227210201417230062690320900279905223637984197950""]",1787389019381,0.44,0.54,0.46,0.56,4528.51,1302.29,0.602127,0.789316
2026-08-22T08:52:04.938825+00:00,New York City,0x3c1bffbc72d1170a3c402357bf013b8823d3900c49c8b37eb63b240e397a5373,Will the lowest temperature in New York City be between 72-73°F on August 23?,True,False,2026-08-23,2026-08-22,10.136358,10.136358,227.4142,,"{""Yes"": 0.17, ""No"": 0.83}","[""31445166572879133259435842922747699234629564073372047282691875686213207469126"", ""98981965662187048906475461859543917805124754119113895151772985911396791238194""]",1787388839376,0.15,0.81,0.19,0.85,4522.99,359.1,0.51287,0.85
2026-08-22T08:52:04.938834+00:00,New York City,0x97dfd04eae5361848b9caf0e379b837a8037b6404039ad37323a971d58f098e4,Will the lowest temperature in New York City be between 74-75°F on August 23?,True,False,2026-08-23,2026-08-22,25.0,35.0,228.9051,,"{""Yes"": 0.045, ""No"": 0.955}","[""41714088549412194627884398821390833657416130732117532517431298221072732288703"", ""62842949275880786458820919355393417558406061876802088275856269429081131191378""]",1787389089374,0.01,0.92,0.08,0.99,4512.39,116.82,0.495422,0.99
2026-08-22T08:52:04.938844+00:00,New York City,0x2319a9f4211b9d1dd8d5cfd5266eac5e2cb69ea2a70b633ea9f8deac11b4ec4d,Will the lowest temperature in New York City be between 76-77°F on August 23?,True,False,2026-08-23,2026-08-22,75.03999999999999,85.03999999999999,358.232,,"{""Yes"": 0.015, ""No"": 0.985}","[""92331854501114406890782732486050648149419036081783782146869895416355863944794"", ""57886385134129928159238646368632554049697745251836485605418183650283651196115""]",1787389089372,0.01,0.98,0.02,0.99,4596.04,67.28,0.316023,
2026-08-22T08:52:04.938852+00:00,New York City,0x8b3964088dc4f5921476e0f417a6bfa6e2756659cd61871c8f5bd4145974edcc,Will the lowest temperature in New York City be 78°F or higher on August 23?,True,False,2026-08-23,2026-08-22,5.0,15.0,184.6783,,"{""Yes"": 0.015, ""No"": 0.985}","[""74868967738772559701068344511495423353799737045151713312441529878854038744890"", ""79856954817952259451687076098873020309882007444904034332054546862116276250193""]",1787389109406,,0.96,0.04,,260.62,0.0,0.396694,
2026-08-22T09:45:56.474995+00:00,New York City,0x54dcc4454625f5f1d334566744d9096a1149874f5d960db58b831a74e095b5d5,Will the lowest temperature in New York City be 59°F or below on August 22?,True,False,2026-08-22,2026-08-21,214.018,202.018,1154.8734,,"{""Yes"": 0.0005, ""No"": 0.9995}","[""22176085656247966028331551853638107537470051324335055789558369382929683210343"", ""2267978970326297723553940601314171628859636069224705401708236892850840788574""]",1787392249796,,0.999,0.001,,4112.98,0.0,0.085712,
2026-08-22T09:45:56.475029+00:00,New York City,0x4a329c3c83c03df36dfab693a263300d0681bdac863efe7f81c3271b59f75abd,Will the lowest temperature in New York City be between 60-61°F on August 22?,True,False,2026-08-22,2026-08-21,339.01599999999996,322.01599999999996,632.86848,,"{""Yes"": 0.0025, ""No"": 0.9975}","[""57167492078919856972518558145921607569548726888853941010667963281057213184432"", ""30525319886414391606885741506677872028934770762542779414612397146283819035961""]",1787392225414,0.001,0.996,0.004,0.999,5757.65,199.8,0.152012,0.999
2026-08-22T09:45:56.475041+00:00,New York City,0xef097895a83907dbe3ec3e8d22545bffb5ac4b592dd6170a6eee80ca9cc293bb,Will the lowest temperature in New York City be between 62-63°F on August 22?,True,False,2026-08-22,2026-08-21,266.47,227.62999999999997,522.4692,,"{""Yes"": 0.01, ""No"": 0.99}","[""45681626258458280676213473424882847719722052069172846841022502505853622627439"", ""80011524950630074551789238568474286480241672837405698472638837569921200162148""]",1787390953061,,0.98,0.02,,3066.8,0.0,0.181764,
2026-08-22T09:45:56.475055+00:00,New York City,0x002fc34dd896077b110da622105033345a005b0acb6bd69b0822b3737cb65ddd,Will the lowest temperature in New York City be between 64-65°F on August 22?,True,False,2026-08-22,2026-08-21,254.28134999999997,217.23879999999997,106.0554,,"{""Yes"": 0.045, ""No"": 0.955}","[""63773393739221834104651676663344121685573450563857634042856283335549537102653"", ""88033838603680297674698215778109359526350169078051715115814074079069409687995""]",1787391869795,0.01,0.92,0.08,0.99,263.43,415.88,0.509652,0.99
2026-08-22T09:45:56.475066+00:00,New York City,0xfab18e113307d1f42049c66a1a92ace3e327dd10c09d0c19144bd71783463364,Will the lowest temperature in New York City be between 66-67°F on August 22?,True,False,2026-08-22,2026-08-21,295.925547,235.534197,67.9787,,"{""Yes"": 0.085, ""No"": 0.915}","[""92163698769008901414801228646341607937236816654571095417680419783334040742305"", ""79147634621270984375661486233617478153672859175960026083035358069964394312020""]",1787392269800,0.03,0.86,0.14,0.97,225.8,479.83,0.674349,0.97
2026-08-22T09:45:56.475078+00:00,New York City,0x5dbe4930a2d69c3974d78c6f145e0ae7aef0afe859945440962589545d15c27e,Will the lowest temperature in New York City be between 68-69°F on August 22?,True,False,2026-08-22,2026-08-21,756.670041,689.905759,67.9603,,"{""Yes"": 0.475, ""No"": 0.525}","[""102161550546141171718592932188454213460635585161963173365335629871525879686627"", ""62248823643995751731227370875463031992607697617523717400611442648094026925537""]",1787392265902,0.06,0.37,0.63,0.94,237.45,495.64,0.785464,0.94653
2026-08-22T09:45:56.475088+00:00,New York City,0xeb9437a98c93f75d5cfd1ba36ad11563996c7b48b7722457978ebe12cbea60f3,Will the lowest temperature in New York City be between 70-71°F on August 22?,True,False,2026-08-22,2026-08-21,245.185581,208.67702299999996,43.0061,,"{""Yes"": 0.28, ""No"": 0.72}","[""90335072572473530532445096481344729704494866468199046823791889372819977574128"", ""83090340422046528949177736108663528002668483123667297806592548039819000596025""]",1787392265883,0.06,0.1,0.9,0.94,480.43,580.75,0.91719,0.94842
2026-08-22T09:45:56.475100+00:00,New York City,0xbde966425cdd788bd024982a5ee0e119a159c88c0443add283d42df0a493c31b,Will the lowest temperature in New York City be between 72-73°F on August 22?,True,False,2026-08-22,2026-08-21,991.2411999999999,959.2412000000002,12071.87248,,"{""Yes"": 0.0005, ""No"": 0.9995}","[""77348581478469193025373299675539767896079436532791539162461001183884931566275"", ""25718091385299197858687993541357133666433211818732057358057946891320711386520""]",1787392247394,,0.999,0.001,,10138.55,0.0,0.004561,
2026-08-22T09:45:56.475111+00:00,New York City,0xba96e05af67328c367c660e00a49e84879175db0aa8dda26078624372a685c2e,Will the lowest temperature in New York City be between 74-75°F on August 22?,True,False,2026-08-22,2026-08-21,446.08000000000004,384.04,10006.3423,,"{""Yes"": 0.0005, ""No"": 0.9995}","[""19535018881362563194304737615410708838997688466633096387809969256217446161129"", ""39876616032408383185314067220007911162055542005557097175729260358462038899765""]",1787392248295,,0.999,0.001,,6330.18,0.0,0.005005,
2026-08-22T09:45:56.475123+00:00,New York City,0xc24073a4e63982d8ed1b569ff89ce337c1e6c14e14e3546affbea9d617643e75,Will the lowest temperature in New York City be between 76-77°F on August 22?,True,False,2026-08-22,2026-08-21,184.0,172.0,10706.69759,,"{""Yes"": 0.0005, ""No"": 0.9995}","[""86814143036964066695108823197756480372562391896588142422103788090182359176122"", ""66590717440993268935187443317507451587097336853789459429433486685779409405047""]",1787392249204,,0.999,0.001,,4220.49,0.0,0.004829,
2026-08-22T09:45:56.475133+00:00,New York City,0x4115b736021acabd1cb943facdc67ba9d7266368233e8580fdd802562333a36e,Will the lowest temperature in New York City be 78°F or higher on August 22?,True,False,2026-08-22,2026-08-21,174.0,162.0,11451.99861,,"{""Yes"": 0.0005, ""No"": 0.9995}","[""82225531464765892409447886498262082024313588109407190388031720876269319106258"", ""74548726440436727656651188714024117760858455945047034132131889162404588900475""]",1787392250140,,0.999,0.001,,4240.13,0.0,0.004725,
2026-08-22T09:45:56.475144+00:00,New York City,0x60e023fc412734dce63432c5e2ec69e609eeb7b86a96351577591431753b5fb5,Will the highest temperature in New York City be 67°F or below on August 22?,True,False,2026-08-22,2026-08-21,7491.437,5275.44,45745.17313,,"{""Yes"": 0.0005, ""No"": 0.9995}","[""58968776578131649117981021315210454022108642050324490888229625074165333799511"", ""41292985683615773710167809043078841084013491213403163839637002881120847403486""]",1787392255143,,0.999,0.001,,14364.81,0.0,0.002195,
2026-08-22T09:45:56.475154+00:00,New York City,0x942d5d8929fcffed966774106f730d780db56b5115c2393001dfaffb7183083a,Will the highest temperature in New York City be between 68-69°F on August 22?,True,False,2026-08-22,2026-08-21,5658.6322,3947.642,47295.98683,,"{""Yes"": 0.0005, ""No"": 0.9995}","[""84961300753189087718453506028435441023757547801371175621706860012430249562729"", ""28516945579299192627698888404531229365159323903892974075223308204806776744087""]",1787390844489,,0.999,0.001,,25589.62,0.0,0.002129,
2026-08-22T09:45:56.475166+00:00,New York City,0x25ce1b7b7387148c413ee3f291856179ed1cc51904837697c67a656f5f7c6550,Will the highest temperature in New York City be between 70-71°F on August 22?,True,False,2026-08-22,2026-08-21,26795.909364999996,26701.958794000006,32379.15764,,"{""Yes"": 0.0005, ""No"": 0.9995}","[""98445577116205349494970594520006863753161724146388949535409280517965398256379"", ""52252001268139384492752364493136390733312855094828301203114436930170445408996""]",1787391565349,,0.999,0.001,,24021.84,0.0,0.003114,
2026-08-22T09:45:56.475177+00:00,New York City,0xe2d07c37d90dc585543f6a8eb8f35a6d773d9f66f5755a29f3e79d294cdede19,Will the highest temperature in New York City be between 72-73°F on August 22?,True,False,2026-08-22,2026-08-21,9075.813804000001,8733.044494,3859.9807,,"{""Yes"": 0.03, ""No"": 0.97}","[""114220303114617076912409921892040505656619131332387439130287480860707576745909"", ""13236288524812527820040865773156239659533617217184028146960115964622087322138""]",1787392259227,0.02,0.96,0.04,0.98,9966.01,557.23,0.049576,0.98
2026-08-22T09:45:56.475188+00:00,New York City,0x6727f7f15d2b8ea1f006316669329f60dd0ab606804001e1dbca2dbd9b2dfa5c,Will the highest temperature in New York City be between 74-75°F on August 22?,True,False,2026-08-22,2026-08-21,7481.959763999998,6959.9321390000005,2828.1275,,"{""Yes"": 0.195, ""No"": 0.805}","[""90081247998737697857319215891369197249427667829382780475732070333954048890030"", ""58103310499352188449263875038377397364480312690044039250975224628229161783444""]",1787392270746,0.19,0.8,0.2,0.81,9825.29,1418.27,0.223388,0.81
2026-08-22T09:45:56.475198+00:00,New York City,0x7006795b6e514c73ff43ff60ef2a19cff95a577e95beda17cd301995695383d7,Will the highest temperature in New York City be between 76-77°F on August 22?,True,False,2026-08-22,2026-08-21,4951.847563,4681.314007999999,1994.9931,,"{""Yes"": 0.455, ""No"": 0.545}","[""51395141563796878258814105826509377342667166367686163704949255870609779201923"", ""50000293278698818965769428661779246637782788825829140395290118342754901858104""]",1787392270802,0.45,0.54,0.46,0.55,10140.5,1789.82,0.469621,0.55
2026-08-22T09:45:56.475209+00:00,New York City,0x6e378c63553894bcef76fcec43468bcb44381ebd38714f4d422fc812d9861364,Will the highest temperature in New York City be between 78-79°F on August 22?,True,False,2026-08-22,2026-08-21,5458.115003,5215.622861,1958.2464,,"{""Yes"": 0.255, ""No"": 0.745}","[""83791725590918781771172010388732187290846129006883104378432893557012227941485"", ""10888944644112166978679204926526714075321060019023309634645096996066942947028""]",1787392259727,0.25,0.74,0.26,0.75,13173.73,1702.35,0.26765,0.757349
2026-08-22T09:45:56.475220+00:00,New York City,0x258d8e49414b645925e1525e4731d67f4121e13158a22078c77e935fa828776a,Will the highest temperature in New York City be between 80-81°F on August 22?,True,False,2026-08-22,2026-08-21,5084.471243,4894.407291999999,1440.94664,,"{""Yes"": 0.0235, ""No"": 0.9765}","[""81398495580226134126340144488134510473693886599282393729088984636977861277750"", ""101162327800347123206682925721698241104250753673368978572687582424157202081976""]",1787392211950,0.019,0.97,0.03,0.981,38294.3,3692.63,0.155277,0.983223
2026-08-22T09:45:56.475231+00:00,New York City,0xe73b08187095283569e9a87dd424921002c74bcd681135800db6930184f116df,Will the highest temperature in New York City be between 82-83°F on August 22?,True,False,2026-08-22,2026-08-21,1871.905248,1825.0952479999996,3611.51265,,"{""Yes"": 0.004, ""No"": 0.996}","[""91237721705643528495040541693062976800336043664250418638214660931067071210350"", ""75202635143193836646670253443450412825867995093768447209082447765313777913441""]",1787390147084,0.001,0.993,0.007,0.999,33646.73,199.8,0.049135,0.999
2026-08-22T09:45:56.475242+00:00,New York City,0xa416a8b75e923ab23c6ad6babfc8a5da546c916c38a0bd86b062a5014a9b8cb4,Will the highest temperature in New York City be between 84-85°F on August 22?,True,False,2026-08-22,2026-08-21,1628.1295209999998,1270.633521,1741.92921,,"{""Yes"": 0.001, ""No"": 0.999}","[""32360688754587735790786636279225748224694138602650279984483573554774374694175"", ""26482122304855412186853138691363032087124653199807408125248748200267488038488""]",1787392118650,,0.998,0.002,,26258.75,0.0,0.069263,
2026-08-22T09:45:56.475253+00:00,New York City,0x9ab60f8814fed31200b36bd471d321d08231ab90b7ba3374f33ffb27b937d95d,Will the highest temperature in New York City be 86°F or higher on August 22?,True,False,2026-08-22,2026-08-21,485.74100000000004,103.75,2521.78584,,"{""Yes"": 0.0005, ""No"": 0.9995}","[""90802258199338684283763723709032693428714550902326081212921238210093757590330"", ""33198940399963249879376800329359855327762908607906799967233256383860226344780""]",1787389575726,,0.999,0.001,,4395.7,0.0,0.040761,
2026-08-22T09:45:56.475264+00:00,New York City,0xc9036371f91975f3035eaef6b8a90505300d2ed6c381e5a091f34e6f525b6c30,Will the highest temperature in New York City be 73°F or below on August 23?,True,False,2026-08-23,2026-08-22,163.18,173.18,2252.2938,,"{""Yes"": 0.0055, ""No"": 0.9945}","[""10501517808396503559679062613105280076493552725081490906123917029764933569068"", ""16539930148426566991001386772640020336886809696306294033523665045132545318797""]",1787392269408,0.002,0.991,0.009,0.998,6843.44,488.36,0.067225,0.998
2026-08-22T09:45:56.475275+00:00,New York City,0xfdd31b8352a5c8771b662fcdb464c773cc1d11bf974e659cb70f9ffa69f1d971,Will the highest temperature in New York City be between 74-75°F on August 23?,True,False,2026-08-23,2026-08-22,40.17,50.17,2529.67236,,"{""Yes"": 0.005, ""No"": 0.995}","[""112593911214148767251997447162048098507025776011516821062683980433117487587204"", ""28774677088252630300905164900322307897288593922313256849914430510520303670187""]",1787392269410,0.001,0.991,0.009,0.999,14960.72,200.8,0.088226,0.999
2026-08-22T09:45:56.475285+00:00,New York City,0xdff8dcf4bbc37881731bc3cd7d4ac6c9ebcadc43d2cc04451ca6d50700567d34,Will the highest temperature in New York City be between 76-77°F on August 23?,True,False,2026-08-23,2026-08-22,35.2052,45.2052,2041.40958,,"{""Yes"": 0.022, ""No"": 0.978}","[""62829073598251019513915763061620999817960159076895788159212448057654320897962"", ""84041388028731725957829593393523520675880853212883236770194889568065753948580""]",1787392256340,0.015,0.971,0.029,0.985,15774.99,1782.63,0.114169,0.986357
2026-08-22T09:45:56.475295+00:00,New York City,0x16a2264e070d745d1181c9892bf39e12b9dcb300f521ef75e8715327e48f5429,Will the highest temperature in New York City be between 78-79°F on August 23?,True,False,2026-08-23,2026-08-22,161.843899,174.033899,2191.0523,,"{""Yes"": 0.09, ""No"": 0.91}","[""99008833481370731920855473787773616780163563011492750734789352629703483318767"", ""44828389890422355055512282211707089824388453115742352625652849918528510892634""]",1787392256584,0.09,0.9,0.1,0.91,15532.82,1913.62,0.165844,0.91
2026-08-22T09:45:56.475305+00:00,New York City,0x96643f2898239f932349a05ae7f2c35559619ffb85c5392bb409397a2033da2a,Will the highest temperature in New York City be between 80-81°F on August 23?,True,False,2026-08-23,2026-08-22,646.828259,656.828259,2219.7655,,"{""Yes"": 0.385, ""No"": 0.615}","[""38471214694170037984973568648626321853290574777070945187168512580638224047691"", ""57259393671183172582735310615165731463003209662048889377423041072317121773930""]",1787392269407,0.38,0.61,0.39,0.62,14512.83,3985.6,0.3998,0.62
2026-08-22T09:45:56.475315+00:00,New York City,0xb7ac66dbfe44ae9a9bc7aba9774d8f06cfd2d777155025993654263adf78ac13,Will the highest temperature in New York City be between 82-83°F on August 23?,True,False,2026-08-23,2026-08-22,273.09611100000006,290.586111,2264.0284,,"{""Yes"": 0.395, ""No"": 0.605}","[""38902169854652465630947854107317854773848010553570595835561074295476091954219"", ""6880128462746070135371935773408905637598101683104843419847437315115438647321""]",1787392256692,0.38,0.59,0.41,0.62,14970.48,4453.65,0.41,0.62
2026-08-22T09:45:56.475325+00:00,New York City,0x714f5f1a3a9e8549a6390de8ee6faf63d888a3ab2954cea29c21c8cf4d3ea803,Will the highest temperature in New York City be between 84-85°F on August 23?,True,False,2026-08-23,2026-08-22,567.3077049999999,603.307705,2010.5873,,"{""Yes"": 0.115, ""No"": 0.885}","[""17038710002793063990392478273767776431217094462603108901566464212730505441264"", ""53289516700889681580133774628163618738689195710639848372945100123825138670438""]",1787392256584,0.11,0.88,0.12,0.89,15227.56,1805.29,0.149614,0.89
2026-08-22T09:45:56.475336+00:00,New York City,0xc61a4545e137bab8119d71e25184238450e011383cb9906667c8562762ae56ea,Will the highest temperature in New York City be between 86-87°F on August 23?,True,False,2026-08-23,2026-08-22,105.17,115.17,2166.678,,"{""Yes"": 0.03, ""No"": 0.97}","[""103608175012448499910775714089032094918845576128750358412668580846019845532387"", ""113385366596592597814917790331990980266455298839766004097226405663918192965083""]",1787392269409,0.02,0.96,0.04,0.98,15559.92,388.86,0.106975,0.98
2026-08-22T09:45:56.475345+00:00,New York City,0x97eeb6e6a72cb792b68e9a9454aa7c3f7e74746393900643b3b162547a587c95,Will the highest temperature in New York City be between 88-89°F on August 23?,True,False,2026-08-23,2026-08-22,30.17,40.17,2157.4473,,"{""Yes"": 0.01, ""No"": 0.99}","[""114838494395643787940169365281062314792066024869237367327695044887469706733593"", ""109900369320075389007190344200979532199724927951718771892516491750534698347746""]",1787392269406,,0.98,0.02,,13335.68,0.0,0.10507,
2026-08-22T09:45:56.475355+00:00,New York City,0xb33ea35df7e20788eb863a8913b0d04ebd7c0d900d6b54ca5b7264b41280b06d,Will the highest temperature in New York City be between 90-91°F on August 23?,True,False,2026-08-23,2026-08-22,50.17,60.17,2526.61653,,"{""Yes"": 0.003, ""No"": 0.997}","[""56081030867967291153857547461153886031899854227951226713971332403073818045533"", ""12246287985759348649967848152152215415064867795192738483400415644170095101704""]",1787392256346,0.002,0.996,0.004,0.998,15248.4,285.45,0.083264,0.998
2026-08-22T09:45:56.475365+00:00,New York City,0xd81e24363e9032f71e4b3bcc6172b8658d30cae6ca793521e6aedae693d44443,Will the highest temperature in New York City be 92°F or higher on August 23?,True,False,2026-08-23,2026-08-22,158.175,168.175,2226.36603,,"{""Yes"": 0.003, ""No"": 0.997}","[""96059710701050699345409109008774733443452819159964144536091672091931640669656"", ""82164490970881232273561758214562714222586308963935020439603047630558572723413""]",1787392256584,0.002,0.996,0.004,0.998,4905.74,428.32,0.045709,0.998
2026-08-22T09:45:56.475375+00:00,New York City,0xf54c033197acc057350bcb3f6d5f2feda7c8bb850920f008479e6a05f8d97801,Will the lowest temperature in New York City be 59°F or below on August 23?,True,False,2026-08-23,2026-08-22,5.0,10.0,1524.65718,,"{""Yes"": 0.006, ""No"": 0.994}","[""41913461189028344507895252785216841444603178472297165560331836124148706365467"", ""91015721423101112190959656039967433816753262625439181065136100173982143003079""]",1787392259409,0.002,0.99,0.01,0.998,597.77,224.66,0.107081,0.998
2026-08-22T09:45:56.475384+00:00,New York City,0x5a980885aaeebbaa301e96b374d8848428ed688d9ad421fec2e0403206880bda,Will the lowest temperature in New York City be between 60-61°F on August 23?,True,False,2026-08-23,2026-08-22,5.0,10.0,1359.5328,,"{""Yes"": 0.01, ""No"": 0.99}","[""34708389771261436513875651680918471994008182689217040058196582123745422313544"", ""92148277642001454670628007038423530304847052222229790925054881143767927985130""]",1787392209367,,0.98,0.02,,4925.58,0.0,0.120202,
2026-08-22T09:45:56.475395+00:00,New York City,0x6191fa410034adab4ec97add27d9dafd007900dbca4e2c3cb7acb9e6228127ad,Will the lowest temperature in New York City be between 62-63°F on August 23?,True,False,2026-08-23,2026-08-22,15.0,15.0,252.5056,,"{""Yes"": 0.05, ""No"": 0.95}","[""25571084448407965069777688199749495797456120322699899958504451972139602637736"", ""111247815246430826017067494082678694522123993199889962038977612676826346203282""]",1787391696726,,0.9,0.1,,4496.57,0.0,0.386379,
2026-08-22T09:45:56.475405+00:00,New York City,0xc98a211856bd6009ae6611104676cf119438cfb7092fce98bea36542ce3fa49d,Will the lowest temperature in New York City be between 64-65°F on August 23?,True,False,2026-08-23,2026-08-22,60.989125,60.989125,201.1236,,"{""Yes"": 0.07, ""No"": 0.93}","[""81814558559019248028254087088241572223430133435721336539678062917305548908416"", ""26049116177937411211761011915147615512055879083869278830198611672766524328465""]",1787392198571,0.03,0.87,0.13,0.97,4505.51,174.93,0.473113,0.987039
2026-08-22T09:45:56.475415+00:00,New York City,0x07546d5d4dc1731b628ae465ff0c3c8b9569d00865a0b98ebb37c3796b541924,Will the lowest temperature in New York City be between 66-67°F on August 23?,True,False,2026-08-23,2026-08-22,0.0,0.0,195.032,,"{""Yes"": 0.105, ""No"": 0.895}","[""27741605023909144744600208994630187557025032271603385158433763556840509191923"", ""32313089525816244992767397782013546351091861012806371928399928016639714626131""]",1787392260842,0.07,0.86,0.14,0.93,4527.87,250.5,0.459839,0.940811
2026-08-22T09:45:56.475424+00:00,New York City,0x5f831087882c112ea8a710483b9fac76def107d07363d55b3cd8f02ad60cb784,Will the lowest temperature in New York City be between 68-69°F on August 23?,True,False,2026-08-23,2026-08-22,0.0,0.0,179.5902,,"{""Yes"": 0.23, ""No"": 0.77}","[""62731327394872024260018077248079612250729736322196134319497499153154357694890"", ""77942760536036459065628831918667521873575363585765768263676138781889777487108""]",1787392263201,0.11,0.69,0.31,0.89,4491.23,1547.51,0.595255,0.89018
2026-08-22T09:45:56.475433+00:00,New York City,0x6e41bc702e225ebee2ef744e36575b0beb00cae5f8d7c4965a6839b908a7bbef,Will the lowest temperature in New York City be between 70-71°F on August 23?,True,False,2026-08-23,2026-08-22,41.37135000000001,41.37135,196.2634,,"{""Yes"": 0.45, ""No"": 0.55}","[""97929326759611566086045398151294653654679302920327882000632632383469767154285"", ""94968669357615007409266742991227210201417230062690320900279905223637984197950""]",1787392202808,0.44,0.54,0.46,0.56,4518.93,1325.75,0.61945,0.789316
2026-08-22T09:45:56.475443+00:00,New York City,0x3c1bffbc72d1170a3c402357bf013b8823d3900c49c8b37eb63b240e397a5373,Will the lowest temperature in New York City be between 72-73°F on August 23?,True,False,2026-08-23,2026-08-22,22.041114,22.041114,217.7971,,"{""Yes"": 0.175, ""No"": 0.825}","[""31445166572879133259435842922747699234629564073372047282691875686213207469126"", ""98981965662187048906475461859543917805124754119113895151772985911396791238194""]",1787392204221,0.16,0.81,0.19,0.84,4529.45,361.79,0.505012,0.84
2026-08-22T09:45:56.475453+00:00,New York City,0x97dfd04eae5361848b9caf0e379b837a8037b6404039ad37323a971d58f098e4,Will the lowest temperature in New York City be between 74-75°F on August 23?,True,False,2026-08-23,2026-08-22,25.0,35.0,187.1966,,"{""Yes"": 0.045, ""No"": 0.955}","[""41714088549412194627884398821390833657416130732117532517431298221072732288703"", ""62842949275880786458820919355393417558406061876802088275856269429081131191378""]",1787392193033,0.03,0.92,0.08,0.97,4495.27,134.34,0.480841,0.987039
2026-08-22T09:45:56.475462+00:00,New York City,0x2319a9f4211b9d1dd8d5cfd5266eac5e2cb69ea2a70b633ea9f8deac11b4ec4d,Will the lowest temperature in New York City be between 76-77°F on August 23?,True,False,2026-08-23,2026-08-22,75.03999999999999,85.03999999999999,351.6952,,"{""Yes"": 0.015, ""No"": 0.985}","[""92331854501114406890782732486050648149419036081783782146869895416355863944794"", ""57886385134129928159238646368632554049697745251836485605418183650283651196115""]",1787392209366,0.01,0.98,0.02,0.99,4529.09,67.28,0.305388,
2026-08-22T09:45:56.475472+00:00,New York City,0x8b3964088dc4f5921476e0f417a6bfa6e2756659cd61871c8f5bd4145974edcc,Will the lowest temperature in New York City be 78°F or higher on August 23?,True,False,2026-08-23,2026-08-22,5.0,15.0,118.5785,,"{""Yes"": 0.02, ""No"": 0.98}","[""74868967738772559701068344511495423353799737045151713312441529878854038744890"", ""79856954817952259451687076098873020309882007444904034332054546862116276250193""]",1787392269366,,0.96,0.04,,214.78,0.0,0.462734,
2026-08-22T10:44:20.324060+00:00,New York City,0x54dcc4454625f5f1d334566744d9096a1149874f5d960db58b831a74e095b5d5,Will the lowest temperature in New York City be 59°F or below on August 22?,True,False,2026-08-22,2026-08-21,214.018,202.018,1178.57368,,"{""Yes"": 0.0005, ""No"": 0.9995}","[""22176085656247966028331551853638107537470051324335055789558369382929683210343"", ""2267978970326297723553940601314171628859636069224705401708236892850840788574""]",1787395519797,,0.999,0.001,,4671.11,0.0,0.084067,
2026-08-22T10:44:20.324104+00:00,New York City,0x4a329c3c83c03df36dfab693a263300d0681bdac863efe7f81c3271b59f75abd,Will the lowest temperature in New York City be between 60-61°F on August 22?,True,False,2026-08-22,2026-08-21,339.92600000000004,322.926,717.2154,,"{""Yes"": 0.0025, ""No"": 0.9975}","[""57167492078919856972518558145921607569548726888853941010667963281057213184432"", ""30525319886414391606885741506677872028934770762542779414612397146283819035961""]",1787395721574,0.001,0.996,0.004,0.999,5780.19,193.9,0.14558,0.999
2026-08-22T10:44:20.324124+00:00,New York City,0xef097895a83907dbe3ec3e8d22545bffb5ac4b592dd6170a6eee80ca9cc293bb,Will the lowest temperature in New York City be between 62-63°F on August 22?,True,False,2026-08-22,2026-08-21,266.47,227.63,368.6689,,"{""Yes"": 0.015, ""No"": 0.985}","[""45681626258458280676213473424882847719722052069172846841022502505853622627439"", ""80011524950630074551789238568474286480241672837405698472638837569921200162148""]",1787395742969,,0.97,0.03,,3084.23,0.0,0.253139,
2026-08-22T10:44:20.324137+00:00,New York City,0x002fc34dd896077b110da622105033345a005b0acb6bd69b0822b3737cb65ddd,Will the lowest temperature in New York City be between 64-65°F on August 22?,True,False,2026-08-22,2026-08-21,259.20134999999993,222.1588,106.7062,,"{""Yes"": 0.045, ""No"": 0.955}","[""63773393739221834104651676663344121685573450563857634042856283335549537102653"", ""88033838603680297674698215778109359526350169078051715115814074079069409687995""]",1787395751119,0.01,0.92,0.08,0.99,276.07,397.34,0.499538,0.99
2026-08-22T10:44:20.324148+00:00,New York City,0xfab18e113307d1f42049c66a1a92ace3e327dd10c09d0c19144bd71783463364,Will the lowest temperature in New York City be between 66-67°F on August 22?,True,False,2026-08-22,2026-08-21,300.845547,240.45419700000002,70.8713,,"{""Yes"": 0.085, ""No"": 0.915}","[""92163698769008901414801228646341607937236816654571095417680419783334040742305"", ""79147634621270984375661486233617478153672859175960026083035358069964394312020""]",1787395519797,0.03,0.86,0.14,0.97,277.7,461.67,0.633901,0.97
2026-08-22T10:44:20.324160+00:00,New York City,0x5dbe4930a2d69c3974d78c6f145e0ae7aef0afe859945440962589545d15c27e,Will the lowest temperature in New York City be between 68-69°F on August 22?,True,False,2026-08-22,2026-08-21,815.5109509999997,748.7466690000001,115.1127,,"{""Yes"": 0.375, ""No"": 0.625}","[""102161550546141171718592932188454213460635585161963173365335629871525879686627"", ""62248823643995751731227370875463031992607697617523717400611442648094026925537""]",1787395680294,0.16,0.49,0.51,0.84,406.13,472.74,0.716834,0.940812
2026-08-22T10:44:20.324171+00:00,New York City,0xeb9437a98c93f75d5cfd1ba36ad11563996c7b48b7722457978ebe12cbea60f3,Will the lowest temperature in New York City be between 70-71°F on August 22?,True,False,2026-08-22,2026-08-21,392.29721100000006,352.671771,108.5532,,"{""Yes"": 0.745, ""No"": 0.255}","[""90335072572473530532445096481344729704494866468199046823791889372819977574128"", ""83090340422046528949177736108663528002668483123667297806592548039819000596025""]",1787395640237,0.61,0.19,0.81,0.39,231.87,581.99,0.931504,0.632004
2026-08-22T10:44:20.324182+00:00,New York City,0xbde966425cdd788bd024982a5ee0e119a159c88c0443add283d42df0a493c31b,Will the lowest temperature in New York City be between 72-73°F on August 22?,True,False,2026-08-22,2026-08-21,991.2411999999999,959.2412,22095.50186,,"{""Yes"": 0.0005, ""No"": 0.9995}","[""77348581478469193025373299675539767896079436532791539162461001183884931566275"", ""25718091385299197858687993541357133666433211818732057358057946891320711386520""]",1787395649992,,0.999,0.001,,10160.94,0.0,0.004561,
2026-08-22T10:44:20.324203+00:00,New York City,0xba96e05af67328c367c660e00a49e84879175db0aa8dda26078624372a685c2e,Will the lowest temperature in New York City be between 74-75°F on August 22?,True,False,2026-08-22,2026-08-21,446.08000000000004,384.04,20033.76218,,"{""Yes"": 0.0005, ""No"": 0.9995}","[""19535018881362563194304737615410708838997688466633096387809969256217446161129"", ""39876616032408383185314067220007911162055542005557097175729260358462038899765""]",1787395692379,,0.999,0.001,,6358.39,0.0,0.005005,
2026-08-22T10:44:20.324221+00:00,New York City,0xc24073a4e63982d8ed1b569ff89ce337c1e6c14e14e3546affbea9d617643e75,Will the lowest temperature in New York City be between 76-77°F on August 22?,True,False,2026-08-22,2026-08-21,184.0,172.0,20705.95621,,"{""Yes"": 0.0005, ""No"": 0.9995}","[""86814143036964066695108823197756480372562391896588142422103788090182359176122"", ""66590717440993268935187443317507451587097336853789459429433486685779409405047""]",1787395599795,,0.999,0.001,,4270.55,0.0,0.004828,
2026-08-22T10:44:20.324236+00:00,New York City,0x4115b736021acabd1cb943facdc67ba9d7266368233e8580fdd802562333a36e,Will the lowest temperature in New York City be 78°F or higher on August 22?,True,False,2026-08-22,2026-08-21,174.0,162.0,21162.32808,,"{""Yes"": 0.0005, ""No"": 0.9995}","[""82225531464765892409447886498262082024313588109407190388031720876269319106258"", ""74548726440436727656651188714024117760858455945047034132131889162404588900475""]",1787395509796,,0.999,0.001,,4251.14,0.0,0.004724,
2026-08-22T10:44:20.324265+00:00,New York City,0x60e023fc412734dce63432c5e2ec69e609eeb7b86a96351577591431753b5fb5,Will the highest temperature in New York City be 67°F or below on August 22?,True,False,2026-08-22,2026-08-21,7491.437,5275.44,45966.88714,,"{""Yes"": 0.0005, ""No"": 0.9995}","[""58968776578131649117981021315210454022108642050324490888229625074165333799511"", ""41292985683615773710167809043078841084013491213403163839637002881120847403486""]",1787395791175,,0.999,0.001,,14387.07,0.0,0.002185,
2026-08-22T10:44:20.324281+00:00,New York City,0x942d5d8929fcffed966774106f730d780db56b5115c2393001dfaffb7183083a,Will the highest temperature in New York City be between 68-69°F on August 22?,True,False,2026-08-22,2026-08-21,5658.6322,3947.642,47538.00093,,"{""Yes"": 0.0005, ""No"": 0.9995}","[""84961300753189087718453506028435441023757547801371175621706860012430249562729"", ""28516945579299192627698888404531229365159323903892974075223308204806776744087""]",1787393810611,,0.999,0.001,,25552.61,0.0,0.002116,
2026-08-22T10:44:20.324296+00:00,New York City,0x25ce1b7b7387148c413ee3f291856179ed1cc51904837697c67a656f5f7c6550,Will the highest temperature in New York City be between 70-71°F on August 22?,True,False,2026-08-22,2026-08-21,26795.909365,26701.958794,32261.25997,,"{""Yes"": 0.0005, ""No"": 0.9995}","[""98445577116205349494970594520006863753161724146388949535409280517965398256379"", ""52252001268139384492752364493136390733312855094828301203114436930170445408996""]",1787393768695,,0.999,0.001,,24189.74,0.0,0.00313,
2026-08-22T10:44:20.324314+00:00,New York City,0xe2d07c37d90dc585543f6a8eb8f35a6d773d9f66f5755a29f3e79d294cdede19,Will the highest temperature in New York City be between 72-73°F on August 22?,True,False,2026-08-22,2026-08-21,9220.577254000002,8877.807944,1451.268,,"{""Yes"": 0.035, ""No"": 0.965}","[""114220303114617076912409921892040505656619131332387439130287480860707576745909"", ""13236288524812527820040865773156239659533617217184028146960115964622087322138""]",1787395741514,0.04,0.94,0.06,0.96,12401.1,3204.14,0.152415,0.960396
2026-08-22T10:44:20.324330+00:00,New York City,0x6727f7f15d2b8ea1f006316669329f60dd0ab606804001e1dbca2dbd9b2dfa5c,Will the highest temperature in New York City be between 74-75°F on August 22?,True,False,2026-08-22,2026-08-21,7570.532504999999,6929.462415000001,2882.3811,,"{""Yes"": 0.215, ""No"": 0.785}","[""90081247998737697857319215891369197249427667829382780475732070333954048890030"", ""58103310499352188449263875038377397364480312690044039250975224628229161783444""]",1787395794629,0.21,0.77,0.23,0.79,10738.36,1606.86,0.23,0.79
2026-08-22T10:44:20.324347+00:00,New York City,0x7006795b6e514c73ff43ff60ef2a19cff95a577e95beda17cd301995695383d7,Will the highest temperature in New York City be between 76-77°F on August 22?,True,False,2026-08-22,2026-08-21,5110.514082999998,4839.980528,1004.3087,,"{""Yes"": 0.485, ""No"": 0.515}","[""51395141563796878258814105826509377342667166367686163704949255870609779201923"", ""50000293278698818965769428661779246637782788825829140395290118342754901858104""]",1787395758184,0.46,0.53,0.47,0.54,10612.2,927.79,0.483887,0.541518
2026-08-22T10:44:20.324363+00:00,New York City,0x6e378c63553894bcef76fcec43468bcb44381ebd38714f4d422fc812d9861364,Will the highest temperature in New York City be between 78-79°F on August 22?,True,False,2026-08-22,2026-08-21,7138.750323,6896.258181,1568.979,,"{""Yes"": 0.215, ""No"": 0.785}","[""83791725590918781771172010388732187290846129006883104378432893557012227941485"", ""10888944644112166978679204926526714075321060019023309634645096996066942947028""]",1787395799354,0.2,0.78,0.22,0.8,13927.97,834.82,0.224596,0.830614
2026-08-22T10:44:20.324379+00:00,New York City,0x258d8e49414b645925e1525e4731d67f4121e13158a22078c77e935fa828776a,Will the highest temperature in New York City be between 80-81°F on August 22?,True,False,2026-08-22,2026-08-21,5379.383288999999,5189.319337999999,1288.79021,,"{""Yes"": 0.0355, ""No"": 0.9645}","[""81398495580226134126340144488134510473693886599282393729088984636977861277750"", ""101162327800347123206682925721698241104250753673368978572687582424157202081976""]",1787395795087,0.023,0.951,0.049,0.977,39068.68,4824.57,0.222379,0.980737
2026-08-22T10:44:20.324395+00:00,New York City,0xe73b08187095283569e9a87dd424921002c74bcd681135800db6930184f116df,Will the highest temperature in New York City be between 82-83°F on August 22?,True,False,2026-08-22,2026-08-21,2075.093248,2028.283248,3674.69093,,"{""Yes"": 0.0045, ""No"": 0.9955}","[""91237721705643528495040541693062976800336043664250418638214660931067071210350"", ""75202635143193836646670253443450412825867995093768447209082447765313777913441""]",1787395754761,0.001,0.992,0.008,0.999,35540.37,220.84,0.051016,0.999
2026-08-22T10:44:20.324411+00:00,New York City,0xa416a8b75e923ab23c6ad6babfc8a5da546c916c38a0bd86b062a5014a9b8cb4,Will the highest temperature in New York City be between 84-85°F on August 22?,True,False,2026-08-22,2026-08-21,1628.1295209999998,1245.633521,1724.33289,,"{""Yes"": 0.001, ""No"": 0.999}","[""32360688754587735790786636279225748224694138602650279984483573554774374694175"", ""26482122304855412186853138691363032087124653199807408125248748200267488038488""]",1787395598902,,0.998,0.002,,26210.95,0.0,0.069109,
2026-08-22T10:44:20.324427+00:00,New York City,0x9ab60f8814fed31200b36bd471d321d08231ab90b7ba3374f33ffb27b937d95d,Will the highest temperature in New York City be 86°F or higher on August 22?,True,False,2026-08-22,2026-08-21,485.74100000000004,103.75,2519.84184,,"{""Yes"": 0.0005, ""No"": 0.9995}","[""90802258199338684283763723709032693428714550902326081212921238210093757590330"", ""33198940399963249879376800329359855327762908607906799967233256383860226344780""]",1787395464887,,0.999,0.001,,4395.7,0.0,0.040761,
2026-08-22T10:44:20.324443+00:00,New York City,0xc9036371f91975f3035eaef6b8a90505300d2ed6c381e5a091f34e6f525b6c30,Will the highest temperature in New York City be 73°F or below on August 23?,True,False,2026-08-23,2026-08-22,191.0385,201.03849999999997,2267.83006,,"{""Yes"": 0.0055, ""No"": 0.9945}","[""10501517808396503559679062613105280076493552725081490906123917029764933569068"", ""16539930148426566991001386772640020336886809696306294033523665045132545318797""]",1787395799361,0.002,0.991,0.009,0.998,6595.08,460.55,0.073048,0.998
2026-08-22T10:44:20.324459+00:00,New York City,0xfdd31b8352a5c8771b662fcdb464c773cc1d11bf974e659cb70f9ffa69f1d971,Will the highest temperature in New York City be between 74-75°F on August 23?,True,False,2026-08-23,2026-08-22,68.028,78.028,2277.73868,,"{""Yes"": 0.005, ""No"": 0.995}","[""112593911214148767251997447162048098507025776011516821062683980433117487587204"", ""28774677088252630300905164900322307897288593922313256849914430510520303670187""]",1787395779412,0.001,0.991,0.009,0.999,15097.87,172.95,0.096288,0.999
2026-08-22T10:44:20.324475+00:00,New York City,0xdff8dcf4bbc37881731bc3cd7d4ac6c9ebcadc43d2cc04451ca6d50700567d34,Will the highest temperature in New York City be between 76-77°F on August 23?,True,False,2026-08-23,2026-08-22,434.83007299999997,444.830073,2268.95439,,"{""Yes"": 0.017, ""No"": 0.983}","[""62829073598251019513915763061620999817960159076895788159212448057654320897962"", ""84041388028731725957829593393523520675880853212883236770194889568065753948580""]",1787395759070,0.008,0.974,0.026,0.992,19899.9,1243.35,0.097041,0.992
2026-08-22T10:44:20.324491+00:00,New York City,0x16a2264e070d745d1181c9892bf39e12b9dcb300f521ef75e8715327e48f5429,Will the highest temperature in New York City be between 78-79°F on August 23?,True,False,2026-08-23,2026-08-22,385.68234100000006,397.872341,2019.0279,,"{""Yes"": 0.095, ""No"": 0.905}","[""99008833481370731920855473787773616780163563011492750734789352629703483318767"", ""44828389890422355055512282211707089824388453115742352625652849918528510892634""]",1787395785044,0.08,0.89,0.11,0.92,15735.88,3773.53,0.150346,0.928236
2026-08-22T10:44:20.324506+00:00,New York City,0x96643f2898239f932349a05ae7f2c35559619ffb85c5392bb409397a2033da2a,Will the highest temperature in New York City be between 80-81°F on August 23?,True,False,2026-08-23,2026-08-22,922.004327,932.0043269999999,2145.285,,"{""Yes"": 0.36, ""No"": 0.64}","[""38471214694170037984973568648626321853290574777070945187168512580638224047691"", ""57259393671183172582735310615165731463003209662048889377423041072317121773930""]",1787395789434,0.35,0.64,0.36,0.65,16462.57,2286.02,0.365525,0.650986
2026-08-22T10:44:20.324521+00:00,New York City,0xb7ac66dbfe44ae9a9bc7aba9774d8f06cfd2d777155025993654263adf78ac13,Will the highest temperature in New York City be between 82-83°F on August 23?,True,False,2026-08-23,2026-08-22,300.97111099999995,318.461111,2164.9395,,"{""Yes"": 0.405, ""No"": 0.595}","[""38902169854652465630947854107317854773848010553570595835561074295476091954219"", ""6880128462746070135371935773408905637598101683104843419847437315115438647321""]",1787395779422,0.4,0.59,0.41,0.6,14494.74,3543.59,0.411563,0.6
2026-08-22T10:44:20.324536+00:00,New York City,0x714f5f1a3a9e8549a6390de8ee6faf63d888a3ab2954cea29c21c8cf4d3ea803,Will the highest temperature in New York City be between 84-85°F on August 23?,True,False,2026-08-23,2026-08-22,874.3061659999998,910.306166,2126.8316,,"{""Yes"": 0.135, ""No"": 0.865}","[""17038710002793063990392478273767776431217094462603108901566464212730505441264"", ""53289516700889681580133774628163618738689195710639848372945100123825138670438""]",1787395779411,0.12,0.87,0.13,0.88,15912.01,3227.43,0.17647,0.88
2026-08-22T10:44:20.324553+00:00,New York City,0xc61a4545e137bab8119d71e25184238450e011383cb9906667c8562762ae56ea,Will the highest temperature in New York City be between 86-87°F on August 23?,True,False,2026-08-23,2026-08-22,133.03365,143.03365,2134.6335,,"{""Yes"": 0.03, ""No"": 0.97}","[""103608175012448499910775714089032094918845576128750358412668580846019845532387"", ""113385366596592597814917790331990980266455298839766004097226405663918192965083""]",1787395759054,0.02,0.96,0.04,0.98,15548.16,546.73,0.115734,0.98
2026-08-22T10:44:20.324566+00:00,New York City,0x97eeb6e6a72cb792b68e9a9454aa7c3f7e74746393900643b3b162547a587c95,Will the highest temperature in New York City be between 88-89°F on August 23?,True,False,2026-08-23,2026-08-22,30.17,40.17,2252.2835,,"{""Yes"": 0.01, ""No"": 0.99}","[""114838494395643787940169365281062314792066024869237367327695044887469706733593"", ""109900369320075389007190344200979532199724927951718771892516491750534698347746""]",1787395759112,,0.98,0.02,,13457.9,0.0,0.1153,
2026-08-22T10:44:20.324577+00:00,New York City,0xb33ea35df7e20788eb863a8913b0d04ebd7c0d900d6b54ca5b7264b41280b06d,Will the highest temperature in New York City be between 90-91°F on August 23?,True,False,2026-08-23,2026-08-22,78.02850000000001,88.0285,2465.04519,,"{""Yes"": 0.003, ""No"": 0.997}","[""56081030867967291153857547461153886031899854227951226713971332403073818045533"", ""12246287985759348649967848152152215415064867795192738483400415644170095101704""]",1787395772948,0.002,0.996,0.004,0.998,15111.72,257.63,0.094849,0.998
2026-08-22T10:44:20.324586+00:00,New York City,0xd81e24363e9032f71e4b3bcc6172b8658d30cae6ca793521e6aedae693d44443,Will the highest temperature in New York City be 92°F or higher on August 23?,True,False,2026-08-23,2026-08-22,191.0535,201.0535,3681.1938,,"{""Yes"": 0.003, ""No"": 0.997}","[""96059710701050699345409109008774733443452819159964144536091672091931640669656"", ""82164490970881232273561758214562714222586308963935020439603047630558572723413""]",1787395772948,0.002,0.996,0.004,0.998,5914.84,400.5,0.042529,0.998
2026-08-22T10:44:20.324597+00:00,New York City,0xf54c033197acc057350bcb3f6d5f2feda7c8bb850920f008479e6a05f8d97801,Will the lowest temperature in New York City be 59°F or below on August 23?,True,False,2026-08-23,2026-08-22,5.0,10.0,1540.0686,,"{""Yes"": 0.006, ""No"": 0.994}","[""41913461189028344507895252785216841444603178472297165560331836124148706365467"", ""91015721423101112190959656039967433816753262625439181065136100173982143003079""]",1787395799409,0.002,0.99,0.01,0.998,501.89,224.66,0.097889,0.998
2026-08-22T10:44:20.324606+00:00,New York City,0x5a980885aaeebbaa301e96b374d8848428ed688d9ad421fec2e0403206880bda,Will the lowest temperature in New York City be between 60-61°F on August 23?,True,False,2026-08-23,2026-08-22,5.0,10.0,1357.2498,,"{""Yes"": 0.01, ""No"": 0.99}","[""34708389771261436513875651680918471994008182689217040058196582123745422313544"", ""92148277642001454670628007038423530304847052222229790925054881143767927985130""]",1787395410309,,0.98,0.02,,5115.59,0.0,0.124685,
2026-08-22T10:44:20.324616+00:00,New York City,0x6191fa410034adab4ec97add27d9dafd007900dbca4e2c3cb7acb9e6228127ad,Will the lowest temperature in New York City be between 62-63°F on August 23?,True,False,2026-08-23,2026-08-22,15.0,15.0,253.013,,"{""Yes"": 0.05, ""No"": 0.95}","[""25571084448407965069777688199749495797456120322699899958504451972139602637736"", ""111247815246430826017067494082678694522123993199889962038977612676826346203282""]",1787395759930,,0.9,0.1,,4506.71,0.0,0.386379,
2026-08-22T10:44:20.324626+00:00,New York City,0xc98a211856bd6009ae6611104676cf119438cfb7092fce98bea36542ce3fa49d,Will the lowest temperature in New York City be between 64-65°F on August 23?,True,False,2026-08-23,2026-08-22,60.989125,60.989125,203.7844,,"{""Yes"": 0.08, ""No"": 0.92}","[""81814558559019248028254087088241572223430133435721336539678062917305548908416"", ""26049116177937411211761011915147615512055879083869278830198611672766524328465""]",1787395590313,0.03,0.87,0.13,0.97,4542.53,210.21,0.473113,0.983509
2026-08-22T10:44:20.324635+00:00,New York City,0x07546d5d4dc1731b628ae465ff0c3c8b9569d00865a0b98ebb37c3796b541924,Will the lowest temperature in New York City be between 66-67°F on August 23?,True,False,2026-08-23,2026-08-22,0.0,0.0,207.9636,,"{""Yes"": 0.105, ""No"": 0.895}","[""27741605023909144744600208994630187557025032271603385158433763556840509191923"", ""32313089525816244992767397782013546351091861012806371928399928016639714626131""]",1787395559492,0.07,0.86,0.14,0.93,4533.84,309.37,0.461182,0.950391
2026-08-22T10:44:20.324644+00:00,New York City,0x5f831087882c112ea8a710483b9fac76def107d07363d55b3cd8f02ad60cb784,Will the lowest temperature in New York City be between 68-69°F on August 23?,True,False,2026-08-23,2026-08-22,0.0,0.0,226.3857,,"{""Yes"": 0.305, ""No"": 0.695}","[""62731327394872024260018077248079612250729736322196134319497499153154357694890"", ""77942760536036459065628831918667521873575363585765768263676138781889777487108""]",1787395799428,0.12,0.62,0.38,0.88,4545.99,1758.6,0.587924,0.888078
2026-08-22T10:44:20.324654+00:00,New York City,0x6e41bc702e225ebee2ef744e36575b0beb00cae5f8d7c4965a6839b908a7bbef,Will the lowest temperature in New York City be between 70-71°F on August 23?,True,False,2026-08-23,2026-08-22,41.37135000000001,41.37135,225.2881,,"{""Yes"": 0.45, ""No"": 0.55}","[""97929326759611566086045398151294653654679302920327882000632632383469767154285"", ""94968669357615007409266742991227210201417230062690320900279905223637984197950""]",1787395789368,0.44,0.54,0.46,0.56,4556.97,1477.89,0.631515,0.759567
2026-08-22T10:44:20.324663+00:00,New York City,0x3c1bffbc72d1170a3c402357bf013b8823d3900c49c8b37eb63b240e397a5373,Will the lowest temperature in New York City be between 72-73°F on August 23?,True,False,2026-08-23,2026-08-22,22.041114,22.041114,250.2364,,"{""Yes"": 0.18, ""No"": 0.82}","[""31445166572879133259435842922747699234629564073372047282691875686213207469126"", ""98981965662187048906475461859543917805124754119113895151772985911396791238194""]",1787395778751,0.17,0.81,0.19,0.83,4541.16,684.64,0.499951,0.83
2026-08-22T10:44:20.324673+00:00,New York City,0x97dfd04eae5361848b9caf0e379b837a8037b6404039ad37323a971d58f098e4,Will the lowest temperature in New York City be between 74-75°F on August 23?,True,False,2026-08-23,2026-08-22,25.0,35.0,217.8792,,"{""Yes"": 0.055, ""No"": 0.945}","[""41714088549412194627884398821390833657416130732117532517431298221072732288703"", ""62842949275880786458820919355393417558406061876802088275856269429081131191378""]",1787395667157,0.03,0.92,0.08,0.97,4519.06,652.86,0.4183,0.984683
2026-08-22T10:44:20.324683+00:00,New York City,0x2319a9f4211b9d1dd8d5cfd5266eac5e2cb69ea2a70b633ea9f8deac11b4ec4d,Will the lowest temperature in New York City be between 76-77°F on August 23?,True,False,2026-08-23,2026-08-22,75.03999999999999,85.03999999999999,334.7696,,"{""Yes"": 0.015, ""No"": 0.985}","[""92331854501114406890782732486050648149419036081783782146869895416355863944794"", ""57886385134129928159238646368632554049697745251836485605418183650283651196115""]",1787395740721,0.01,0.98,0.02,0.99,4531.38,67.28,0.283667,
2026-08-22T10:44:20.324692+00:00,New York City,0x8b3964088dc4f5921476e0f417a6bfa6e2756659cd61871c8f5bd4145974edcc,Will the lowest temperature in New York City be 78°F or higher on August 23?,True,False,2026-08-23,2026-08-22,5.0,15.0,134.3267,,"{""Yes"": 0.02, ""No"": 0.98}","[""74868967738772559701068344511495423353799737045151713312441529878854038744890"", ""79856954817952259451687076098873020309882007444904034332054546862116276250193""]",1787395740813,,0.96,0.04,,188.26,0.0,0.405541,
2026-08-22T11:39:02.937141+00:00,New York City,0x54dcc4454625f5f1d334566744d9096a1149874f5d960db58b831a74e095b5d5,Will the lowest temperature in New York City be 59°F or below on August 22?,True,False,2026-08-22,2026-08-21,214.018,202.018,1200.05671,,"{""Yes"": 0.0005, ""No"": 0.9995}","[""22176085656247966028331551853638107537470051324335055789558369382929683210343"", ""2267978970326297723553940601314171628859636069224705401708236892850840788574""]",1787398666139,,0.999,0.001,,4628.13,0.0,0.081743,
2026-08-22T11:39:02.937179+00:00,New York City,0x4a329c3c83c03df36dfab693a263300d0681bdac863efe7f81c3271b59f75abd,Will the lowest temperature in New York City be between 60-61°F on August 22?,True,False,2026-08-22,2026-08-21,467.46599999999995,450.466,1007.76992,,"{""Yes"": 0.0015, ""No"": 0.9985}","[""57167492078919856972518558145921607569548726888853941010667963281057213184432"", ""30525319886414391606885741506677872028934770762542779414612397146283819035961""]",1787398769798,0.001,0.998,0.002,0.999,6245.63,570.98,0.100783,0.999
2026-08-22T11:39:02.937193+00:00,New York City,0xef097895a83907dbe3ec3e8d22545bffb5ac4b592dd6170a6eee80ca9cc293bb,Will the lowest temperature in New York City be between 62-63°F on August 22?,True,False,2026-08-22,2026-08-21,268.91,219.71,785.45513,,"{""Yes"": 0.003, ""No"": 0.997}","[""45681626258458280676213473424882847719722052069172846841022502505853622627439"", ""80011524950630074551789238568474286480241672837405698472638837569921200162148""]",1787399039542,0.001,0.995,0.005,0.999,8317.92,92.47,0.149535,
2026-08-22T11:39:02.937205+00:00,New York City,0x002fc34dd896077b110da622105033345a005b0acb6bd69b0822b3737cb65ddd,Will the lowest temperature in New York City be between 64-65°F on August 22?,True,False,2026-08-22,2026-08-21,303.25935,266.2168,145.1123,,"{""Yes"": 0.03, ""No"": 0.97}","[""63773393739221834104651676663344121685573450563857634042856283335549537102653"", ""88033838603680297674698215778109359526350169078051715115814074079069409687995""]",1787398666171,0.01,0.95,0.05,0.99,263.64,367.39,0.42981,0.99
2026-08-22T11:39:02.937218+00:00,New York City,0xfab18e113307d1f42049c66a1a92ace3e327dd10c09d0c19144bd71783463364,Will the lowest temperature in New York City be between 66-67°F on August 22?,True,False,2026-08-22,2026-08-21,344.89964699999996,264.118297,64.5685,,"{""Yes"": 0.085, ""No"": 0.915}","[""92163698769008901414801228646341607937236816654571095417680419783334040742305"", ""79147634621270984375661486233617478153672859175960026083035358069964394312020""]",1787398994477,0.03,0.86,0.14,0.97,215.41,379.4,0.669829,0.97
2026-08-22T11:39:02.937232+00:00,New York City,0x5dbe4930a2d69c3974d78c6f145e0ae7aef0afe859945440962589545d15c27e,Will the lowest temperature in New York City be between 68-69°F on August 22?,True,False,2026-08-22,2026-08-21,881.852391,815.088109,91.3652,,"{""Yes"": 0.065, ""No"": 0.935}","[""102161550546141171718592932188454213460635585161963173365335629871525879686627"", ""62248823643995751731227370875463031992607697617523717400611442648094026925537""]",1787398684646,0.05,0.92,0.08,0.95,410.68,420.43,0.506222,0.95
2026-08-22T11:39:02.937245+00:00,New York City,0xeb9437a98c93f75d5cfd1ba36ad11563996c7b48b7722457978ebe12cbea60f3,Will the lowest temperature in New York City be between 70-71°F on August 22?,True,False,2026-08-22,2026-08-21,457.347211,417.721771,142.7815,,"{""Yes"": 0.905, ""No"": 0.095}","[""90335072572473530532445096481344729704494866468199046823791889372819977574128"", ""83090340422046528949177736108663528002668483123667297806592548039819000596025""]",1787398999796,0.89,0.08,0.92,0.11,572.86,603.08,0.92,0.549334
2026-08-22T11:39:02.937259+00:00,New York City,0xbde966425cdd788bd024982a5ee0e119a159c88c0443add283d42df0a493c31b,Will the lowest temperature in New York City be between 72-73°F on August 22?,True,False,2026-08-22,2026-08-21,991.2411999999999,953.8412,20083.57955,,"{""Yes"": 0.0005, ""No"": 0.9995}","[""77348581478469193025373299675539767896079436532791539162461001183884931566275"", ""25718091385299197858687993541357133666433211818732057358057946891320711386520""]",1787399009252,,0.999,0.001,,9313.52,0.0,0.004887,
2026-08-22T11:39:02.937270+00:00,New York City,0xba96e05af67328c367c660e00a49e84879175db0aa8dda26078624372a685c2e,Will the lowest temperature in New York City be between 74-75°F on August 22?,True,False,2026-08-22,2026-08-21,446.08,384.04,20053.6157,,"{""Yes"": 0.0005, ""No"": 0.9995}","[""19535018881362563194304737615410708838997688466633096387809969256217446161129"", ""39876616032408383185314067220007911162055542005557097175729260358462038899765""]",1787399009085,,0.999,0.001,,6344.75,0.0,0.004875,
2026-08-22T11:39:02.937283+00:00,New York City,0xc24073a4e63982d8ed1b569ff89ce337c1e6c14e14e3546affbea9d617643e75,Will the lowest temperature in New York City be between 76-77°F on August 22?,True,False,2026-08-22,2026-08-21,184.0,172.0,20900.11195,,"{""Yes"": 0.0005, ""No"": 0.9995}","[""86814143036964066695108823197756480372562391896588142422103788090182359176122"", ""66590717440993268935187443317507451587097336853789459429433486685779409405047""]",1787399009086,,0.999,0.001,,4253.02,0.0,0.004671,
2026-08-22T11:39:02.937296+00:00,New York City,0x4115b736021acabd1cb943facdc67ba9d7266368233e8580fdd802562333a36e,Will the lowest temperature in New York City be 78°F or higher on August 22?,True,False,2026-08-22,2026-08-21,174.0,162.0,21195.11069,,"{""Yes"": 0.0005, ""No"": 0.9995}","[""82225531464765892409447886498262082024313588109407190388031720876269319106258"", ""74548726440436727656651188714024117760858455945047034132131889162404588900475""]",1787399009797,,0.999,0.001,,4234.24,0.0,0.004608,
2026-08-22T11:39:02.937309+00:00,New York City,0x60e023fc412734dce63432c5e2ec69e609eeb7b86a96351577591431753b5fb5,Will the highest temperature in New York City be 67°F or below on August 22?,True,False,2026-08-22,2026-08-21,7491.437,5175.44,43936.88932,,"{""Yes"": 0.0005, ""No"": 0.9995}","[""58968776578131649117981021315210454022108642050324490888229625074165333799511"", ""41292985683615773710167809043078841084013491213403163839637002881120847403486""]",1787399030840,,0.999,0.001,,4449.69,0.0,0.002259,
2026-08-22T11:39:02.937321+00:00,New York City,0x942d5d8929fcffed966774106f730d780db56b5115c2393001dfaffb7183083a,Will the highest temperature in New York City be between 68-69°F on August 22?,True,False,2026-08-22,2026-08-21,5658.6322,3947.642,47132.09712,,"{""Yes"": 0.0005, ""No"": 0.9995}","[""84961300753189087718453506028435441023757547801371175621706860012430249562729"", ""28516945579299192627698888404531229365159323903892974075223308204806776744087""]",1787398999028,,0.999,0.001,,12333.29,0.0,0.002109,
2026-08-22T11:39:02.937334+00:00,New York City,0x25ce1b7b7387148c413ee3f291856179ed1cc51904837697c67a656f5f7c6550,Will the highest temperature in New York City be between 70-71°F on August 22?,True,False,2026-08-22,2026-08-21,27961.909365,27867.958794000006,31008.6149,,"{""Yes"": 0.0005, ""No"": 0.9995}","[""98445577116205349494970594520006863753161724146388949535409280517965398256379"", ""52252001268139384492752364493136390733312855094828301203114436930170445408996""]",1787397925159,,0.999,0.001,,12670.43,0.0,0.003248,
2026-08-22T11:39:02.937348+00:00,New York City,0xe2d07c37d90dc585543f6a8eb8f35a6d773d9f66f5755a29f3e79d294cdede19,Will the highest temperature in New York City be between 72-73°F on August 22?,True,False,2026-08-22,2026-08-21,9682.306107,9291.499531000001,1387.3909,,"{""Yes"": 0.05, ""No"": 0.95}","[""114220303114617076912409921892040505656619131332387439130287480860707576745909"", ""13236288524812527820040865773156239659533617217184028146960115964622087322138""]",1787398969749,0.04,0.94,0.06,0.96,7159.21,3024.96,0.090849,0.974639
2026-08-22T11:39:02.937365+00:00,New York City,0x6727f7f15d2b8ea1f006316669329f60dd0ab606804001e1dbca2dbd9b2dfa5c,Will the highest temperature in New York City be between 74-75°F on August 22?,True,False,2026-08-22,2026-08-21,7708.9908659999965,6192.0904359999995,2790.926,,"{""Yes"": 0.215, ""No"": 0.785}","[""90081247998737697857319215891369197249427667829382780475732070333954048890030"", ""58103310499352188449263875038377397364480312690044039250975224628229161783444""]",1787399050277,0.21,0.78,0.22,0.79,7816.83,1190.84,0.229479,0.79
2026-08-22T11:39:02.937375+00:00,New York City,0x7006795b6e514c73ff43ff60ef2a19cff95a577e95beda17cd301995695383d7,Will the highest temperature in New York City be between 76-77°F on August 22?,True,False,2026-08-22,2026-08-21,5403.049085,5053.005432000001,1211.8999,,"{""Yes"": 0.455, ""No"": 0.545}","[""51395141563796878258814105826509377342667166367686163704949255870609779201923"", ""50000293278698818965769428661779246637782788825829140395290118342754901858104""]",1787399037028,0.44,0.54,0.46,0.56,4935.53,1063.58,0.469015,0.56
2026-08-22T11:39:02.937385+00:00,New York City,0x6e378c63553894bcef76fcec43468bcb44381ebd38714f4d422fc812d9861364,Will the highest temperature in New York City be between 78-79°F on August 22?,True,False,2026-08-22,2026-08-21,7263.113955,6933.093554,782.103,,"{""Yes"": 0.21, ""No"": 0.79}","[""83791725590918781771172010388732187290846129006883104378432893557012227941485"", ""10888944644112166978679204926526714075321060019023309634645096996066942947028""]",1787399044279,0.21,0.78,0.22,0.79,7991.32,859.64,0.228055,0.816327
2026-08-22T11:39:02.937394+00:00,New York City,0x258d8e49414b645925e1525e4731d67f4121e13158a22078c77e935fa828776a,Will the highest temperature in New York City be between 80-81°F on August 22?,True,False,2026-08-22,2026-08-21,5451.134288999999,5188.451768,586.93202,,"{""Yes"": 0.0455, ""No"": 0.9545}","[""81398495580226134126340144488134510473693886599282393729088984636977861277750"", ""101162327800347123206682925721698241104250753673368978572687582424157202081976""]",1787398889000,0.033,0.942,0.058,0.967,11658.61,5326.09,0.222243,0.978168
2026-08-22T11:39:02.937403+00:00,New York City,0xe73b08187095283569e9a87dd424921002c74bcd681135800db6930184f116df,Will the highest temperature in New York City be between 82-83°F on August 22?,True,False,2026-08-22,2026-08-21,2200.0932479999997,2153.283248,2122.81935,,"{""Yes"": 0.004, ""No"": 0.996}","[""91237721705643528495040541693062976800336043664250418638214660931067071210350"", ""75202635143193836646670253443450412825867995093768447209082447765313777913441""]",1787399040446,0.002,0.992,0.008,0.998,11604.1,1229.26,0.050445,0.998
2026-08-22T11:39:02.937412+00:00,New York City,0xa416a8b75e923ab23c6ad6babfc8a5da546c916c38a0bd86b062a5014a9b8cb4,Will the highest temperature in New York City be between 84-85°F on August 22?,True,False,2026-08-22,2026-08-21,1628.129521,1245.633521,1883.92044,,"{""Yes"": 0.0005, ""No"": 0.9995}","[""32360688754587735790786636279225748224694138602650279984483573554774374694175"", ""26482122304855412186853138691363032087124653199807408125248748200267488038488""]",1787398454490,,0.999,0.001,,12508.49,0.0,0.060882,
2026-08-22T11:39:02.937421+00:00,New York City,0x9ab60f8814fed31200b36bd471d321d08231ab90b7ba3374f33ffb27b937d95d,Will the highest temperature in New York City be 86°F or higher on August 22?,True,False,2026-08-22,2026-08-21,485.74100000000004,103.75,2188.46084,,"{""Yes"": 0.0005, ""No"": 0.9995}","[""90802258199338684283763723709032693428714550902326081212921238210093757590330"", ""33198940399963249879376800329359855327762908607906799967233256383860226344780""]",1787399006000,,0.999,0.001,,4371.97,0.0,0.047133,
2026-08-22T11:39:02.937430+00:00,New York City,0xc9036371f91975f3035eaef6b8a90505300d2ed6c381e5a091f34e6f525b6c30,Will the highest temperature in New York City be 73°F or below on August 23?,True,False,2026-08-23,2026-08-22,237.60849999999996,247.6085,2348.9578,,"{""Yes"": 0.0055, ""No"": 0.9945}","[""10501517808396503559679062613105280076493552725081490906123917029764933569068"", ""16539930148426566991001386772640020336886809696306294033523665045132545318797""]",1787399042624,0.002,0.991,0.009,0.998,6168.66,340.66,0.073543,0.9989
2026-08-22T11:39:02.937440+00:00,New York City,0xfdd31b8352a5c8771b662fcdb464c773cc1d11bf974e659cb70f9ffa69f1d971,Will the highest temperature in New York City be between 74-75°F on August 23?,True,False,2026-08-23,2026-08-22,114.59799999999998,124.598,2545.39451,,"{""Yes"": 0.0055, ""No"": 0.9945}","[""112593911214148767251997447162048098507025776011516821062683980433117487587204"", ""28774677088252630300905164900322307897288593922313256849914430510520303670187""]",1787399019409,0.002,0.991,0.009,0.998,19003.16,176.32,0.104318,0.998501
2026-08-22T11:39:02.937449+00:00,New York City,0xdff8dcf4bbc37881731bc3cd7d4ac6c9ebcadc43d2cc04451ca6d50700567d34,Will the highest temperature in New York City be between 76-77°F on August 23?,True,False,2026-08-23,2026-08-22,481.40007299999996,491.400073,2442.50013,,"{""Yes"": 0.018, ""No"": 0.982}","[""62829073598251019513915763061620999817960159076895788159212448057654320897962"", ""84041388028731725957829593393523520675880853212883236770194889568065753948580""]",1787399009413,0.01,0.974,0.026,0.99,19809.46,1296.21,0.097094,0.990514
2026-08-22T11:39:02.937458+00:00,New York City,0x16a2264e070d745d1181c9892bf39e12b9dcb300f521ef75e8715327e48f5429,Will the highest temperature in New York City be between 78-79°F on August 23?,True,False,2026-08-23,2026-08-22,432.252341,444.442341,1541.3984,,"{""Yes"": 0.08, ""No"": 0.92}","[""99008833481370731920855473787773616780163563011492750734789352629703483318767"", ""44828389890422355055512282211707089824388453115742352625652849918528510892634""]",1787398944555,0.07,0.91,0.09,0.93,15082.3,2618.78,0.141268,0.933188
2026-08-22T11:39:02.937467+00:00,New York City,0x96643f2898239f932349a05ae7f2c35559619ffb85c5392bb409397a2033da2a,Will the highest temperature in New York City be between 80-81°F on August 23?,True,False,2026-08-23,2026-08-22,971.6046289999999,981.6046289999999,2553.0056,,"{""Yes"": 0.32, ""No"": 0.68}","[""38471214694170037984973568648626321853290574777070945187168512580638224047691"", ""57259393671183172582735310615165731463003209662048889377423041072317121773930""]",1787399045339,0.31,0.66,0.34,0.69,16646.27,2804.29,0.344149,0.69
2026-08-22T11:39:02.937475+00:00,New York City,0xb7ac66dbfe44ae9a9bc7aba9774d8f06cfd2d777155025993654263adf78ac13,Will the highest temperature in New York City be between 82-83°F on August 23?,True,False,2026-08-23,2026-08-22,763.8860030000001,781.376003,2212.277,,"{""Yes"": 0.45, ""No"": 0.55}","[""38902169854652465630947854107317854773848010553570595835561074295476091954219"", ""6880128462746070135371935773408905637598101683104843419847437315115438647321""]",1787399045333,0.45,0.54,0.46,0.55,14644.01,3518.31,0.469296,0.55
2026-08-22T11:39:02.937483+00:00,New York City,0x714f5f1a3a9e8549a6390de8ee6faf63d888a3ab2954cea29c21c8cf4d3ea803,Will the highest temperature in New York City be between 84-85°F on August 23?,True,False,2026-08-23,2026-08-22,976.0245420000001,1012.024542,2179.5437,,"{""Yes"": 0.115, ""No"": 0.885}","[""17038710002793063990392478273767776431217094462603108901566464212730505441264"", ""53289516700889681580133774628163618738689195710639848372945100123825138670438""]",1787399041510,0.1,0.89,0.11,0.9,15847.82,2850.93,0.156007,0.901604
2026-08-22T11:39:02.937491+00:00,New York City,0xc61a4545e137bab8119d71e25184238450e011383cb9906667c8562762ae56ea,Will the highest temperature in New York City be between 86-87°F on August 23?,True,False,2026-08-23,2026-08-22,179.60365,189.60365,2098.2639,,"{""Yes"": 0.03, ""No"": 0.97}","[""103608175012448499910775714089032094918845576128750358412668580846019845532387"", ""113385366596592597814917790331990980266455298839766004097226405663918192965083""]",1787398989416,0.02,0.96,0.04,0.98,15569.44,501.09,0.126929,0.98
2026-08-22T11:39:02.937499+00:00,New York City,0x97eeb6e6a72cb792b68e9a9454aa7c3f7e74746393900643b3b162547a587c95,Will the highest temperature in New York City be between 88-89°F on August 23?,True,False,2026-08-23,2026-08-22,30.17,40.17,2287.1748,,"{""Yes"": 0.01, ""No"": 0.99}","[""114838494395643787940169365281062314792066024869237367327695044887469706733593"", ""109900369320075389007190344200979532199724927951718771892516491750534698347746""]",1787399039366,,0.98,0.02,,13528.3,0.0,0.110814,
2026-08-22T11:39:02.937507+00:00,New York City,0xb33ea35df7e20788eb863a8913b0d04ebd7c0d900d6b54ca5b7264b41280b06d,Will the highest temperature in New York City be between 90-91°F on August 23?,True,False,2026-08-23,2026-08-22,124.5985,134.5985,2639.33539,,"{""Yes"": 0.003, ""No"": 0.997}","[""56081030867967291153857547461153886031899854227951226713971332403073818045533"", ""12246287985759348649967848152152215415064867795192738483400415644170095101704""]",1787399009417,0.002,0.996,0.004,0.998,19057.43,159.13,0.092998,0.998
2026-08-22T11:39:02.937516+00:00,New York City,0xd81e24363e9032f71e4b3bcc6172b8658d30cae6ca793521e6aedae693d44443,Will the highest temperature in New York City be 92°F or higher on August 23?,True,False,2026-08-23,2026-08-22,237.62349999999998,247.6235,3799.59754,,"{""Yes"": 0.003, ""No"": 0.997}","[""96059710701050699345409109008774733443452819159964144536091672091931640669656"", ""82164490970881232273561758214562714222586308963935020439603047630558572723413""]",1787399019382,0.002,0.996,0.004,0.998,5925.86,325.52,0.041857,0.998
2026-08-22T11:39:02.937525+00:00,New York City,0xf54c033197acc057350bcb3f6d5f2feda7c8bb850920f008479e6a05f8d97801,Will the lowest temperature in New York City be 59°F or below on August 23?,True,False,2026-08-23,2026-08-22,5.0,10.0,1460.73374,,"{""Yes"": 0.009, ""No"": 0.991}","[""41913461189028344507895252785216841444603178472297165560331836124148706365467"", ""91015721423101112190959656039967433816753262625439181065136100173982143003079""]",1787399041277,0.002,0.984,0.016,0.998,1167.98,224.66,0.109281,0.998
2026-08-22T11:39:02.937532+00:00,New York City,0x5a980885aaeebbaa301e96b374d8848428ed688d9ad421fec2e0403206880bda,Will the lowest temperature in New York City be between 60-61°F on August 23?,True,False,2026-08-23,2026-08-22,5.0,10.0,1599.00214,,"{""Yes"": 0.01, ""No"": 0.99}","[""34708389771261436513875651680918471994008182689217040058196582123745422313544"", ""92148277642001454670628007038423530304847052222229790925054881143767927985130""]",1787398938376,0.002,0.983,0.017,0.998,5192.64,124.86,0.103643,0.99885
2026-08-22T11:39:02.937541+00:00,New York City,0x6191fa410034adab4ec97add27d9dafd007900dbca4e2c3cb7acb9e6228127ad,Will the lowest temperature in New York City be between 62-63°F on August 23?,True,False,2026-08-23,2026-08-22,15.0,15.0,212.7743,,"{""Yes"": 0.05, ""No"": 0.95}","[""25571084448407965069777688199749495797456120322699899958504451972139602637736"", ""111247815246430826017067494082678694522123993199889962038977612676826346203282""]",1787398871253,,0.9,0.1,,2538.98,0.0,0.386379,
2026-08-22T11:39:02.937549+00:00,New York City,0xc98a211856bd6009ae6611104676cf119438cfb7092fce98bea36542ce3fa49d,Will the lowest temperature in New York City be between 64-65°F on August 23?,True,False,2026-08-23,2026-08-22,60.989125,60.989125,183.118,,"{""Yes"": 0.085, ""No"": 0.915}","[""81814558559019248028254087088241572223430133435721336539678062917305548908416"", ""26049116177937411211761011915147615512055879083869278830198611672766524328465""]",1787398980286,0.03,0.85,0.15,0.97,2582.35,210.21,0.494191,0.983509
2026-08-22T11:39:02.937557+00:00,New York City,0x07546d5d4dc1731b628ae465ff0c3c8b9569d00865a0b98ebb37c3796b541924,Will the lowest temperature in New York City be between 66-67°F on August 23?,True,False,2026-08-23,2026-08-22,0.0,0.0,141.8669,,"{""Yes"": 0.11, ""No"": 0.89}","[""27741605023909144744600208994630187557025032271603385158433763556840509191923"", ""32313089525816244992767397782013546351091861012806371928399928016639714626131""]",1787398959382,0.07,0.81,0.19,0.93,2570.31,280.83,0.519694,0.972821
2026-08-22T11:39:02.937565+00:00,New York City,0x5f831087882c112ea8a710483b9fac76def107d07363d55b3cd8f02ad60cb784,Will the lowest temperature in New York City be between 68-69°F on August 23?,True,False,2026-08-23,2026-08-22,0.0,0.0,199.3034,,"{""Yes"": 0.34, ""No"": 0.66}","[""62731327394872024260018077248079612250729736322196134319497499153154357694890"", ""77942760536036459065628831918667521873575363585765768263676138781889777487108""]",1787399043350,0.2,0.5,0.5,0.8,2580.62,1685.05,0.586464,0.837221
2026-08-22T11:39:02.937574+00:00,New York City,0x6e41bc702e225ebee2ef744e36575b0beb00cae5f8d7c4965a6839b908a7bbef,Will the lowest temperature in New York City be between 70-71°F on August 23?,True,False,2026-08-23,2026-08-22,41.37135000000001,41.37135,189.5503,,"{""Yes"": 0.45, ""No"": 0.55}","[""97929326759611566086045398151294653654679302920327882000632632383469767154285"", ""94968669357615007409266742991227210201417230062690320900279905223637984197950""]",1787399033349,0.44,0.54,0.46,0.56,2600.72,1521.69,0.572571,0.759567
2026-08-22T11:39:02.937582+00:00,New York City,0x3c1bffbc72d1170a3c402357bf013b8823d3900c49c8b37eb63b240e397a5373,Will the lowest temperature in New York City be between 72-73°F on August 23?,True,False,2026-08-23,2026-08-22,22.041114,22.041114,247.0379,,"{""Yes"": 0.18, ""No"": 0.82}","[""31445166572879133259435842922747699234629564073372047282691875686213207469126"", ""98981965662187048906475461859543917805124754119113895151772985911396791238194""]",1787399009310,0.18,0.81,0.19,0.82,2589.04,747.49,0.451173,0.82
2026-08-22T11:39:02.937591+00:00,New York City,0x97dfd04eae5361848b9caf0e379b837a8037b6404039ad37323a971d58f098e4,Will the lowest temperature in New York City be between 74-75°F on August 23?,True,False,2026-08-23,2026-08-22,25.0,35.0,156.7892,,"{""Yes"": 0.05, ""No"": 0.95}","[""41714088549412194627884398821390833657416130732117532517431298221072732288703"", ""62842949275880786458820919355393417558406061876802088275856269429081131191378""]",1787399004395,0.03,0.93,0.07,0.97,2530.48,157.86,0.468463,0.984683
2026-08-22T11:39:02.937598+00:00,New York City,0x2319a9f4211b9d1dd8d5cfd5266eac5e2cb69ea2a70b633ea9f8deac11b4ec4d,Will the lowest temperature in New York City be between 76-77°F on August 23?,True,False,2026-08-23,2026-08-22,143.0,153.0,333.123,,"{""Yes"": 0.01, ""No"": 0.99}","[""92331854501114406890782732486050648149419036081783782146869895416355863944794"", ""57886385134129928159238646368632554049697745251836485605418183650283651196115""]",1787398972480,,0.98,0.02,,4530.07,0.0,0.279679,
2026-08-22T11:39:02.937606+00:00,New York City,0x8b3964088dc4f5921476e0f417a6bfa6e2756659cd61871c8f5bd4145974edcc,Will the lowest temperature in New York City be 78°F or higher on August 23?,True,False,2026-08-23,2026-08-22,5.0,15.0,148.6463,,"{""Yes"": 0.02, ""No"": 0.98}","[""74868967738772559701068344511495423353799737045151713312441529878854038744890"", ""79856954817952259451687076098873020309882007444904034332054546862116276250193""]",1787398972557,,0.96,0.04,,164.33,0.0,0.379807,
2026-08-22T13:04:20.431207+00:00,New York City,0x54dcc4454625f5f1d334566744d9096a1149874f5d960db58b831a74e095b5d5,Will the lowest temperature in New York City be 59°F or below on August 22?,True,False,2026-08-22,2026-08-21,214.018,202.018,997.07745,,"{""Yes"": 0.0005, ""No"": 0.9995}","[""22176085656247966028331551853638107537470051324335055789558369382929683210343"", ""2267978970326297723553940601314171628859636069224705401708236892850840788574""]",1787403970686,,0.999,0.001,,4647.2,0.0,0.084738,
2026-08-22T13:04:20.431247+00:00,New York City,0x4a329c3c83c03df36dfab693a263300d0681bdac863efe7f81c3271b59f75abd,Will the lowest temperature in New York City be between 60-61°F on August 22?,True,False,2026-08-22,2026-08-21,467.466,450.466,919.8298,,"{""Yes"": 0.0015, ""No"": 0.9985}","[""57167492078919856972518558145921607569548726888853941010667963281057213184432"", ""30525319886414391606885741506677872028934770762542779414612397146283819035961""]",1787403970678,0.001,0.998,0.002,0.999,6261.18,570.98,0.093852,0.999
2026-08-22T13:04:20.431266+00:00,New York City,0xef097895a83907dbe3ec3e8d22545bffb5ac4b592dd6170a6eee80ca9cc293bb,Will the lowest temperature in New York City be between 62-63°F on August 22?,True,False,2026-08-22,2026-08-21,277.91,228.71,739.22112,,"{""Yes"": 0.0035, ""No"": 0.9965}","[""45681626258458280676213473424882847719722052069172846841022502505853622627439"", ""80011524950630074551789238568474286480241672837405698472638837569921200162148""]",1787403977476,0.003,0.996,0.004,0.997,5812.37,183.19,0.139665,0.997185
2026-08-22T13:04:20.431286+00:00,New York City,0x002fc34dd896077b110da622105033345a005b0acb6bd69b0822b3737cb65ddd,Will the lowest temperature in New York City be between 64-65°F on August 22?,True,False,2026-08-22,2026-08-21,303.25935000000004,266.2168,57.9663,,"{""Yes"": 0.05, ""No"": 0.95}","[""63773393739221834104651676663344121685573450563857634042856283335549537102653"", ""88033838603680297674698215778109359526350169078051715115814074079069409687995""]",1787403849798,0.01,0.91,0.09,0.99,229.38,392.14,0.692198,0.99
2026-08-22T13:04:20.431305+00:00,New York City,0xfab18e113307d1f42049c66a1a92ace3e327dd10c09d0c19144bd71783463364,Will the lowest temperature in New York City be between 66-67°F on August 22?,True,False,2026-08-22,2026-08-21,344.899647,262.91348,45.1095,,"{""Yes"": 0.09, ""No"": 0.91}","[""92163698769008901414801228646341607937236816654571095417680419783334040742305"", ""79147634621270984375661486233617478153672859175960026083035358069964394312020""]",1787403869811,0.03,0.85,0.15,0.97,206.18,379.4,0.784544,0.97
2026-08-22T13:04:20.431322+00:00,New York City,0x5dbe4930a2d69c3974d78c6f145e0ae7aef0afe859945440962589545d15c27e,Will the lowest temperature in New York City be between 68-69°F on August 22?,True,False,2026-08-22,2026-08-21,990.8855140000001,914.1212319999998,58.5439,,"{""Yes"": 0.135, ""No"": 0.865}","[""102161550546141171718592932188454213460635585161963173365335629871525879686627"", ""62248823643995751731227370875463031992607697617523717400611442648094026925537""]",1787403971887,0.1,0.82,0.18,0.9,310.69,437.93,0.761894,0.934115
2026-08-22T13:04:20.431337+00:00,New York City,0xeb9437a98c93f75d5cfd1ba36ad11563996c7b48b7722457978ebe12cbea60f3,Will the lowest temperature in New York City be between 70-71°F on August 22?,True,False,2026-08-22,2026-08-21,523.897211,447.91775,68.739,,"{""Yes"": 0.61, ""No"": 0.39}","[""90335072572473530532445096481344729704494866468199046823791889372819977574128"", ""83090340422046528949177736108663528002668483123667297806592548039819000596025""]",1787403974938,0.26,0.12,0.88,0.74,442.92,465.44,0.896414,0.830141
2026-08-22T13:04:20.431354+00:00,New York City,0xbde966425cdd788bd024982a5ee0e119a159c88c0443add283d42df0a493c31b,Will the lowest temperature in New York City be between 72-73°F on August 22?,True,False,2026-08-22,2026-08-21,991.2411999999999,953.8412,20430.85967,,"{""Yes"": 0.0005, ""No"": 0.9995}","[""77348581478469193025373299675539767896079436532791539162461001183884931566275"", ""25718091385299197858687993541357133666433211818732057358057946891320711386520""]",1787402302796,,0.999,0.001,,5234.02,0.0,0.004893,
2026-08-22T13:04:20.431371+00:00,New York City,0xba96e05af67328c367c660e00a49e84879175db0aa8dda26078624372a685c2e,Will the lowest temperature in New York City be between 74-75°F on August 22?,True,False,2026-08-22,2026-08-21,446.08000000000004,384.04,20488.82206,,"{""Yes"": 0.0005, ""No"": 0.9995}","[""19535018881362563194304737615410708838997688466633096387809969256217446161129"", ""39876616032408383185314067220007911162055542005557097175729260358462038899765""]",1787403960970,,0.999,0.001,,4739.89,0.0,0.004881,
2026-08-22T13:04:20.431387+00:00,New York City,0xc24073a4e63982d8ed1b569ff89ce337c1e6c14e14e3546affbea9d617643e75,Will the lowest temperature in New York City be between 76-77°F on August 22?,True,False,2026-08-22,2026-08-21,184.0,172.0,21205.87269,,"{""Yes"": 0.0005, ""No"": 0.9995}","[""86814143036964066695108823197756480372562391896588142422103788090182359176122"", ""66590717440993268935187443317507451587097336853789459429433486685779409405047""]",1787403971144,,0.999,0.001,,4234.51,0.0,0.004676,
2026-08-22T13:04:20.431401+00:00,New York City,0x4115b736021acabd1cb943facdc67ba9d7266368233e8580fdd802562333a36e,Will the lowest temperature in New York City be 78°F or higher on August 22?,True,False,2026-08-22,2026-08-21,174.0,162.0,21500.01286,,"{""Yes"": 0.0005, ""No"": 0.9995}","[""82225531464765892409447886498262082024313588109407190388031720876269319106258"", ""74548726440436727656651188714024117760858455945047034132131889162404588900475""]",1787403971086,,0.999,0.001,,4224.2,0.0,0.004613,
2026-08-22T13:04:20.431417+00:00,New York City,0x60e023fc412734dce63432c5e2ec69e609eeb7b86a96351577591431753b5fb5,Will the highest temperature in New York City be 67°F or below on August 22?,True,False,2026-08-22,2026-08-21,7491.437,5149.19,41633.12431,,"{""Yes"": 0.0005, ""No"": 0.9995}","[""58968776578131649117981021315210454022108642050324490888229625074165333799511"", ""41292985683615773710167809043078841084013491213403163839637002881120847403486""]",1787403984401,,0.999,0.001,,4385.16,0.0,0.002389,
2026-08-22T13:04:20.431434+00:00,New York City,0x942d5d8929fcffed966774106f730d780db56b5115c2393001dfaffb7183083a,Will the highest temperature in New York City be between 68-69°F on August 22?,True,False,2026-08-22,2026-08-21,5658.632200000001,3916.392,45071.01568,,"{""Yes"": 0.0005, ""No"": 0.9995}","[""84961300753189087718453506028435441023757547801371175621706860012430249562729"", ""28516945579299192627698888404531229365159323903892974075223308204806776744087""]",1787403610857,,0.999,0.001,,9278.38,0.0,0.002226,
2026-08-22T13:04:20.431450+00:00,New York City,0x25ce1b7b7387148c413ee3f291856179ed1cc51904837697c67a656f5f7c6550,Will the highest temperature in New York City be between 70-71°F on August 22?,True,False,2026-08-22,2026-08-21,27961.909365,27828.698794,31047.6039,,"{""Yes"": 0.0005, ""No"": 0.9995}","[""98445577116205349494970594520006863753161724146388949535409280517965398256379"", ""52252001268139384492752364493136390733312855094828301203114436930170445408996""]",1787402398674,,0.999,0.001,,9437.28,0.0,0.003239,
2026-08-22T13:04:20.431466+00:00,New York City,0xe2d07c37d90dc585543f6a8eb8f35a6d773d9f66f5755a29f3e79d294cdede19,Will the highest temperature in New York City be between 72-73°F on August 22?,True,False,2026-08-22,2026-08-21,10628.466107,10211.409531000001,844.7443,,"{""Yes"": 0.075, ""No"": 0.925}","[""114220303114617076912409921892040505656619131332387439130287480860707576745909"", ""13236288524812527820040865773156239659533617217184028146960115964622087322138""]",1787403954489,0.06,0.93,0.07,0.94,7184.79,2666.95,0.169184,0.94
2026-08-22T13:04:20.431481+00:00,New York City,0x6727f7f15d2b8ea1f006316669329f60dd0ab606804001e1dbca2dbd9b2dfa5c,Will the highest temperature in New York City be between 74-75°F on August 22?,True,False,2026-08-22,2026-08-21,8636.650611,7083.500180999999,413.5848,,"{""Yes"": 0.23, ""No"": 0.77}","[""90081247998737697857319215891369197249427667829382780475732070333954048890030"", ""58103310499352188449263875038377397364480312690044039250975224628229161783444""]",1787403984591,0.21,0.73,0.27,0.79,7145.77,1395.89,0.303571,0.79
2026-08-22T13:04:20.431496+00:00,New York City,0x7006795b6e514c73ff43ff60ef2a19cff95a577e95beda17cd301995695383d7,Will the highest temperature in New York City be between 76-77°F on August 22?,True,False,2026-08-22,2026-08-21,5625.115199999999,5192.511547,463.2099,,"{""Yes"": 0.45, ""No"": 0.55}","[""51395141563796878258814105826509377342667166367686163704949255870609779201923"", ""50000293278698818965769428661779246637782788825829140395290118342754901858104""]",1787404028001,0.44,0.51,0.49,0.56,4541.79,787.59,0.4996,0.562586
2026-08-22T13:04:20.431513+00:00,New York City,0x6e378c63553894bcef76fcec43468bcb44381ebd38714f4d422fc812d9861364,Will the highest temperature in New York City be between 78-79°F on August 22?,True,False,2026-08-22,2026-08-21,7641.409062000001,7237.138660999999,465.1977,,"{""Yes"": 0.225, ""No"": 0.775}","[""83791725590918781771172010388732187290846129006883104378432893557012227941485"", ""10888944644112166978679204926526714075321060019023309634645096996066942947028""]",1787403915949,0.18,0.81,0.19,0.82,7122.53,813.18,0.283298,0.82
2026-08-22T13:04:20.431532+00:00,New York City,0x258d8e49414b645925e1525e4731d67f4121e13158a22078c77e935fa828776a,Will the highest temperature in New York City be between 80-81°F on August 22?,True,False,2026-08-22,2026-08-21,5540.434289000001,4928.921768,517.38677,,"{""Yes"": 0.068, ""No"": 0.932}","[""81398495580226134126340144488134510473693886599282393729088984636977861277750"", ""101162327800347123206682925721698241104250753673368978572687582424157202081976""]",1787403993006,0.062,0.92,0.08,0.938,11745.05,4476.59,0.259547,0.941247
2026-08-22T13:04:20.431544+00:00,New York City,0xe73b08187095283569e9a87dd424921002c74bcd681135800db6930184f116df,Will the highest temperature in New York City be between 82-83°F on August 22?,True,False,2026-08-22,2026-08-21,2243.097248,2170.0372479999996,1541.84732,,"{""Yes"": 0.005, ""No"": 0.995}","[""91237721705643528495040541693062976800336043664250418638214660931067071210350"", ""75202635143193836646670253443450412825867995093768447209082447765313777913441""]",1787404021001,0.006,0.99,0.01,0.994,11641.7,1154.15,0.077555,0.994
2026-08-22T13:04:20.431555+00:00,New York City,0xa416a8b75e923ab23c6ad6babfc8a5da546c916c38a0bd86b062a5014a9b8cb4,Will the highest temperature in New York City be between 84-85°F on August 22?,True,False,2026-08-22,2026-08-21,1628.1295209999998,1219.383521,1508.77421,,"{""Yes"": 0.0005, ""No"": 0.9995}","[""32360688754587735790786636279225748224694138602650279984483573554774374694175"", ""26482122304855412186853138691363032087124653199807408125248748200267488038488""]",1787403724486,,0.999,0.001,,9225.77,0.0,0.071828,
2026-08-22T13:04:20.431566+00:00,New York City,0x9ab60f8814fed31200b36bd471d321d08231ab90b7ba3374f33ffb27b937d95d,Will the highest temperature in New York City be 86°F or higher on August 22?,True,False,2026-08-22,2026-08-21,485.74100000000004,103.75,2097.53684,,"{""Yes"": 0.0005, ""No"": 0.9995}","[""90802258199338684283763723709032693428714550902326081212921238210093757590330"", ""33198940399963249879376800329359855327762908607906799967233256383860226344780""]",1787403694494,,0.999,0.001,,4369.85,0.0,0.048282,
2026-08-22T13:04:20.431577+00:00,New York City,0xc9036371f91975f3035eaef6b8a90505300d2ed6c381e5a091f34e6f525b6c30,Will the highest temperature in New York City be 73°F or below on August 23?,True,False,2026-08-23,2026-08-22,249.1095,259.10949999999997,2867.59792,,"{""Yes"": 0.0055, ""No"": 0.9945}","[""10501517808396503559679062613105280076493552725081490906123917029764933569068"", ""16539930148426566991001386772640020336886809696306294033523665045132545318797""]",1787403983173,0.002,0.991,0.009,0.998,8104.7,369.09,0.075737,0.998601
2026-08-22T13:04:20.431589+00:00,New York City,0xfdd31b8352a5c8771b662fcdb464c773cc1d11bf974e659cb70f9ffa69f1d971,Will the highest temperature in New York City be between 74-75°F on August 23?,True,False,2026-08-23,2026-08-22,167.1,177.1,2843.72533,,"{""Yes"": 0.0045, ""No"": 0.9955}","[""112593911214148767251997447162048098507025776011516821062683980433117487587204"", ""28774677088252630300905164900322307897288593922313256849914430510520303670187""]",1787403983158,0.001,0.992,0.008,0.999,21722.46,113.92,0.091978,0.999
2026-08-22T13:04:20.431600+00:00,New York City,0xdff8dcf4bbc37881731bc3cd7d4ac6c9ebcadc43d2cc04451ca6d50700567d34,Will the highest temperature in New York City be between 76-77°F on August 23?,True,False,2026-08-23,2026-08-22,1114.527644,1124.527644,5578.29794,,"{""Yes"": 0.013, ""No"": 0.987}","[""62829073598251019513915763061620999817960159076895788159212448057654320897962"", ""84041388028731725957829593393523520675880853212883236770194889568065753948580""]",1787403983337,0.007,0.981,0.019,0.993,41555.61,2196.49,0.06901,0.993
2026-08-22T13:04:20.431611+00:00,New York City,0x16a2264e070d745d1181c9892bf39e12b9dcb300f521ef75e8715327e48f5429,Will the highest temperature in New York City be between 78-79°F on August 23?,True,False,2026-08-23,2026-08-22,432.25234100000006,444.442341,2864.5363,,"{""Yes"": 0.08, ""No"": 0.92}","[""99008833481370731920855473787773616780163563011492750734789352629703483318767"", ""44828389890422355055512282211707089824388453115742352625652849918528510892634""]",1787404069002,0.07,0.91,0.09,0.93,18052.47,5976.05,0.155075,0.93
2026-08-22T13:04:20.431622+00:00,New York City,0x96643f2898239f932349a05ae7f2c35559619ffb85c5392bb409397a2033da2a,Will the highest temperature in New York City be between 80-81°F on August 23?,True,False,2026-08-23,2026-08-22,987.8981550000002,997.8981549999999,4472.8294,,"{""Yes"": 0.325, ""No"": 0.675}","[""38471214694170037984973568648626321853290574777070945187168512580638224047691"", ""57259393671183172582735310615165731463003209662048889377423041072317121773930""]",1787404109001,0.31,0.67,0.33,0.69,21311.18,5209.62,0.330354,0.69
2026-08-22T13:04:20.431632+00:00,New York City,0xb7ac66dbfe44ae9a9bc7aba9774d8f06cfd2d777155025993654263adf78ac13,Will the highest temperature in New York City be between 82-83°F on August 23?,True,False,2026-08-23,2026-08-22,773.606003,791.096003,4332.6704,,"{""Yes"": 0.465, ""No"": 0.535}","[""38902169854652465630947854107317854773848010553570595835561074295476091954219"", ""6880128462746070135371935773408905637598101683104843419847437315115438647321""]",1787404097001,0.46,0.53,0.47,0.54,17897.43,6140.08,0.47,0.54
2026-08-22T13:04:20.431641+00:00,New York City,0x714f5f1a3a9e8549a6390de8ee6faf63d888a3ab2954cea29c21c8cf4d3ea803,Will the highest temperature in New York City be between 84-85°F on August 23?,True,False,2026-08-23,2026-08-22,1100.449983,1136.449983,4618.3943,,"{""Yes"": 0.125, ""No"": 0.875}","[""17038710002793063990392478273767776431217094462603108901566464212730505441264"", ""53289516700889681580133774628163618738689195710639848372945100123825138670438""]",1787404109003,0.12,0.87,0.13,0.88,18985.68,6375.04,0.155301,0.882395
2026-08-22T13:04:20.431651+00:00,New York City,0xc61a4545e137bab8119d71e25184238450e011383cb9906667c8562762ae56ea,Will the highest temperature in New York City be between 86-87°F on August 23?,True,False,2026-08-23,2026-08-22,233.60365,243.60365000000002,2677.3817,,"{""Yes"": 0.03, ""No"": 0.97}","[""103608175012448499910775714089032094918845576128750358412668580846019845532387"", ""113385366596592597814917790331990980266455298839766004097226405663918192965083""]",1787404069002,0.02,0.96,0.04,0.98,18161.06,491.29,0.144984,0.98
2026-08-22T13:04:20.431661+00:00,New York City,0x97eeb6e6a72cb792b68e9a9454aa7c3f7e74746393900643b3b162547a587c95,Will the highest temperature in New York City be between 88-89°F on August 23?,True,False,2026-08-23,2026-08-22,106.43,116.43,2414.4637,,"{""Yes"": 0.01, ""No"": 0.99}","[""114838494395643787940169365281062314792066024869237367327695044887469706733593"", ""109900369320075389007190344200979532199724927951718771892516491750534698347746""]",1787403987377,,0.98,0.02,,15474.62,0.0,0.117165,
2026-08-22T13:04:20.431671+00:00,New York City,0xb33ea35df7e20788eb863a8913b0d04ebd7c0d900d6b54ca5b7264b41280b06d,Will the highest temperature in New York City be between 90-91°F on August 23?,True,False,2026-08-23,2026-08-22,124.5985,134.5985,3423.29964,,"{""Yes"": 0.003, ""No"": 0.997}","[""56081030867967291153857547461153886031899854227951226713971332403073818045533"", ""12246287985759348649967848152152215415064867795192738483400415644170095101704""]",1787404058001,0.002,0.996,0.004,0.998,20373.04,149.15,0.0985,0.998
2026-08-22T13:04:20.431681+00:00,New York City,0xd81e24363e9032f71e4b3bcc6172b8658d30cae6ca793521e6aedae693d44443,Will the highest temperature in New York City be 92°F or higher on August 23?,True,False,2026-08-23,2026-08-22,237.62349999999998,247.6235,4228.7818,,"{""Yes"": 0.003, ""No"": 0.997}","[""96059710701050699345409109008774733443452819159964144536091672091931640669656"", ""82164490970881232273561758214562714222586308963935020439603047630558572723413""]",1787403983145,0.002,0.996,0.004,0.998,7874.27,315.54,0.048906,0.998
2026-08-22T13:04:20.431691+00:00,New York City,0xf54c033197acc057350bcb3f6d5f2feda7c8bb850920f008479e6a05f8d97801,Will the lowest temperature in New York City be 59°F or below on August 23?,True,False,2026-08-23,2026-08-22,5.0,10.0,1617.451,,"{""Yes"": 0.006, ""No"": 0.994}","[""41913461189028344507895252785216841444603178472297165560331836124148706365467"", ""91015721423101112190959656039967433816753262625439181065136100173982143003079""]",1787403989374,0.002,0.99,0.01,0.998,1901.61,224.66,0.109038,0.998
2026-08-22T13:04:20.431701+00:00,New York City,0x5a980885aaeebbaa301e96b374d8848428ed688d9ad421fec2e0403206880bda,Will the lowest temperature in New York City be between 60-61°F on August 23?,True,False,2026-08-23,2026-08-22,5.0,10.0,1666.69228,,"{""Yes"": 0.01, ""No"": 0.99}","[""34708389771261436513875651680918471994008182689217040058196582123745422313544"", ""92148277642001454670628007038423530304847052222229790925054881143767927985130""]",1787404032000,0.002,0.982,0.018,0.998,5183.66,290.53,0.100475,0.998
2026-08-22T13:04:20.431710+00:00,New York City,0x6191fa410034adab4ec97add27d9dafd007900dbca4e2c3cb7acb9e6228127ad,Will the lowest temperature in New York City be between 62-63°F on August 23?,True,False,2026-08-23,2026-08-22,15.0,15.0,236.6375,,"{""Yes"": 0.03, ""No"": 0.97}","[""25571084448407965069777688199749495797456120322699899958504451972139602637736"", ""111247815246430826017067494082678694522123993199889962038977612676826346203282""]",1787403804414,,0.92,0.08,,2550.07,0.0,0.344093,
2026-08-22T13:04:20.431721+00:00,New York City,0xc98a211856bd6009ae6611104676cf119438cfb7092fce98bea36542ce3fa49d,Will the lowest temperature in New York City be between 64-65°F on August 23?,True,False,2026-08-23,2026-08-22,60.989125,60.989125,205.4811,,"{""Yes"": 0.055, ""No"": 0.945}","[""81814558559019248028254087088241572223430133435721336539678062917305548908416"", ""26049116177937411211761011915147615512055879083869278830198611672766524328465""]",1787403976262,0.03,0.92,0.08,0.97,2616.5,210.21,0.426026,0.983509
2026-08-22T13:04:20.431731+00:00,New York City,0x07546d5d4dc1731b628ae465ff0c3c8b9569d00865a0b98ebb37c3796b541924,Will the lowest temperature in New York City be between 66-67°F on August 23?,True,False,2026-08-23,2026-08-22,0.0,0.0,239.5179,,"{""Yes"": 0.125, ""No"": 0.875}","[""27741605023909144744600208994630187557025032271603385158433763556840509191923"", ""32313089525816244992767397782013546351091861012806371928399928016639714626131""]",1787403904176,0.1,0.85,0.15,0.9,2591.99,1084.38,0.408664,0.914068
2026-08-22T13:04:20.431740+00:00,New York City,0x5f831087882c112ea8a710483b9fac76def107d07363d55b3cd8f02ad60cb784,Will the lowest temperature in New York City be between 68-69°F on August 23?,True,False,2026-08-23,2026-08-22,0.0,0.0,229.1552,,"{""Yes"": 0.24, ""No"": 0.76}","[""62731327394872024260018077248079612250729736322196134319497499153154357694890"", ""77942760536036459065628831918667521873575363585765768263676138781889777487108""]",1787403976227,0.23,0.74,0.26,0.77,2716.32,1690.17,0.623634,0.817754
2026-08-22T13:04:20.431750+00:00,New York City,0x6e41bc702e225ebee2ef744e36575b0beb00cae5f8d7c4965a6839b908a7bbef,Will the lowest temperature in New York City be between 70-71°F on August 23?,True,False,2026-08-23,2026-08-22,41.37135000000001,41.37135,202.6713,,"{""Yes"": 0.45, ""No"": 0.55}","[""97929326759611566086045398151294653654679302920327882000632632383469767154285"", ""94968669357615007409266742991227210201417230062690320900279905223637984197950""]",1787403976210,0.44,0.54,0.46,0.56,2598.24,1533.6,0.615609,0.759567
2026-08-22T13:04:20.431760+00:00,New York City,0x3c1bffbc72d1170a3c402357bf013b8823d3900c49c8b37eb63b240e397a5373,Will the lowest temperature in New York City be between 72-73°F on August 23?,True,False,2026-08-23,2026-08-22,22.041114,22.041114,216.9897,,"{""Yes"": 0.185, ""No"": 0.815}","[""31445166572879133259435842922747699234629564073372047282691875686213207469126"", ""98981965662187048906475461859543917805124754119113895151772985911396791238194""]",1787403933342,0.18,0.81,0.19,0.82,2607.62,581.04,0.464593,0.872865
2026-08-22T13:04:20.431771+00:00,New York City,0x97dfd04eae5361848b9caf0e379b837a8037b6404039ad37323a971d58f098e4,Will the lowest temperature in New York City be between 74-75°F on August 23?,True,False,2026-08-23,2026-08-22,25.0,35.0,193.1572,,"{""Yes"": 0.045, ""No"": 0.955}","[""41714088549412194627884398821390833657416130732117532517431298221072732288703"", ""62842949275880786458820919355393417558406061876802088275856269429081131191378""]",1787404033001,0.03,0.94,0.06,0.97,2569.55,157.86,0.44532,0.984683
2026-08-22T13:04:20.431781+00:00,New York City,0x2319a9f4211b9d1dd8d5cfd5266eac5e2cb69ea2a70b633ea9f8deac11b4ec4d,Will the lowest temperature in New York City be between 76-77°F on August 23?,True,False,2026-08-23,2026-08-22,143.0,153.0,376.5845,,"{""Yes"": 0.01, ""No"": 0.99}","[""92331854501114406890782732486050648149419036081783782146869895416355863944794"", ""57886385134129928159238646368632554049697745251836485605418183650283651196115""]",1787403989374,,0.98,0.02,,4539.05,0.0,0.285873,
2026-08-22T13:04:20.431790+00:00,New York City,0x8b3964088dc4f5921476e0f417a6bfa6e2756659cd61871c8f5bd4145974edcc,Will the lowest temperature in New York City be 78°F or higher on August 23?,True,False,2026-08-23,2026-08-22,5.0,15.0,149.9478,,"{""Yes"": 0.02, ""No"": 0.98}","[""74868967738772559701068344511495423353799737045151713312441529878854038744890"", ""79856954817952259451687076098873020309882007444904034332054546862116276250193""]",1787403979193,,0.96,0.04,,222.51,0.0,0.377814,
2026-08-22T13:49:37.384912+00:00,New York City,0x54dcc4454625f5f1d334566744d9096a1149874f5d960db58b831a74e095b5d5,Will the lowest temperature in New York City be 59°F or below on August 22?,True,False,2026-08-22,2026-08-21,214.018,202.018,1174.40293,,"{""Yes"": 0.0005, ""No"": 0.9995}","[""22176085656247966028331551853638107537470051324335055789558369382929683210343"", ""2267978970326297723553940601314171628859636069224705401708236892850840788574""]",1787406977770,,0.999,0.001,,4147.0,0.0,0.084881,
2026-08-22T13:49:37.384951+00:00,New York City,0x4a329c3c83c03df36dfab693a263300d0681bdac863efe7f81c3271b59f75abd,Will the lowest temperature in New York City be between 60-61°F on August 22?,True,False,2026-08-22,2026-08-21,467.46599999999995,450.466,1096.6336,,"{""Yes"": 0.0015, ""No"": 0.9985}","[""57167492078919856972518558145921607569548726888853941010667963281057213184432"", ""30525319886414391606885741506677872028934770762542779414612397146283819035961""]",1787406937764,0.001,0.998,0.002,0.999,5748.56,71.48,0.093533,
2026-08-22T13:49:37.384970+00:00,New York City,0xef097895a83907dbe3ec3e8d22545bffb5ac4b592dd6170a6eee80ca9cc293bb,Will the lowest temperature in New York City be between 62-63°F on August 22?,True,False,2026-08-22,2026-08-21,277.91,228.71,746.82153,,"{""Yes"": 0.0035, ""No"": 0.9965}","[""45681626258458280676213473424882847719722052069172846841022502505853622627439"", ""80011524950630074551789238568474286480241672837405698472638837569921200162148""]",1787406978525,0.003,0.996,0.004,0.997,5769.76,183.19,0.13899,0.997185
2026-08-22T13:49:37.384988+00:00,New York City,0x002fc34dd896077b110da622105033345a005b0acb6bd69b0822b3737cb65ddd,Will the lowest temperature in New York City be between 64-65°F on August 22?,True,False,2026-08-22,2026-08-21,394.25935,357.2168,56.9166,,"{""Yes"": 0.05, ""No"": 0.95}","[""63773393739221834104651676663344121685573450563857634042856283335549537102653"", ""88033838603680297674698215778109359526350169078051715115814074079069409687995""]",1787406947769,0.01,0.91,0.09,0.99,181.14,392.14,0.674272,0.99
2026-08-22T13:49:37.385005+00:00,New York City,0xfab18e113307d1f42049c66a1a92ace3e327dd10c09d0c19144bd71783463364,Will the lowest temperature in New York City be between 66-67°F on August 22?,True,False,2026-08-22,2026-08-21,365.109647,283.12348,44.3595,,"{""Yes"": 0.09, ""No"": 0.91}","[""92163698769008901414801228646341607937236816654571095417680419783334040742305"", ""79147634621270984375661486233617478153672859175960026083035358069964394312020""]",1787407007795,0.03,0.85,0.15,0.97,145.47,379.4,0.710669,0.97
2026-08-22T13:49:37.385023+00:00,New York City,0x5dbe4930a2d69c3974d78c6f145e0ae7aef0afe859945440962589545d15c27e,Will the lowest temperature in New York City be between 68-69°F on August 22?,True,False,2026-08-22,2026-08-21,1010.8855139999998,934.1212319999998,41.6342,,"{""Yes"": 0.1, ""No"": 0.9}","[""102161550546141171718592932188454213460635585161963173365335629871525879686627"", ""62248823643995751731227370875463031992607697617523717400611442648094026925537""]",1787406702686,0.13,0.27,0.73,0.87,282.69,452.41,0.876698,0.913328
2026-08-22T13:49:37.385039+00:00,New York City,0xeb9437a98c93f75d5cfd1ba36ad11563996c7b48b7722457978ebe12cbea60f3,Will the lowest temperature in New York City be between 70-71°F on August 22?,True,False,2026-08-22,2026-08-21,523.897211,439.91774999999996,66.8098,,"{""Yes"": 0.645, ""No"": 0.355}","[""90335072572473530532445096481344729704494866468199046823791889372819977574128"", ""83090340422046528949177736108663528002668483123667297806592548039819000596025""]",1787406967768,0.26,0.12,0.88,0.74,451.42,443.96,0.883652,0.861953
2026-08-22T13:49:37.385057+00:00,New York City,0xbde966425cdd788bd024982a5ee0e119a159c88c0443add283d42df0a493c31b,Will the lowest temperature in New York City be between 72-73°F on August 22?,True,False,2026-08-22,2026-08-21,991.2411999999999,953.8412000000001,20427.76947,,"{""Yes"": 0.0005, ""No"": 0.9995}","[""77348581478469193025373299675539767896079436532791539162461001183884931566275"", ""25718091385299197858687993541357133666433211818732057358057946891320711386520""]",1787406681879,,0.999,0.001,,4715.33,0.0,0.004894,
2026-08-22T13:49:37.385073+00:00,New York City,0xba96e05af67328c367c660e00a49e84879175db0aa8dda26078624372a685c2e,Will the lowest temperature in New York City be between 74-75°F on August 22?,True,False,2026-08-22,2026-08-21,446.08000000000004,384.04,20483.71242,,"{""Yes"": 0.0005, ""No"": 0.9995}","[""19535018881362563194304737615410708838997688466633096387809969256217446161129"", ""39876616032408383185314067220007911162055542005557097175729260358462038899765""]",1787406843501,,0.999,0.001,,4728.42,0.0,0.004882,
2026-08-22T13:49:37.385090+00:00,New York City,0xc24073a4e63982d8ed1b569ff89ce337c1e6c14e14e3546affbea9d617643e75,Will the lowest temperature in New York City be between 76-77°F on August 22?,True,False,2026-08-22,2026-08-21,184.0,172.0,21370.47776,,"{""Yes"": 0.0005, ""No"": 0.9995}","[""86814143036964066695108823197756480372562391896588142422103788090182359176122"", ""66590717440993268935187443317507451587097336853789459429433486685779409405047""]",1787406957766,,0.999,0.001,,4248.51,0.0,0.004677,
2026-08-22T13:49:37.385107+00:00,New York City,0x4115b736021acabd1cb943facdc67ba9d7266368233e8580fdd802562333a36e,Will the lowest temperature in New York City be 78°F or higher on August 22?,True,False,2026-08-22,2026-08-21,174.0,162.0,21666.05762,,"{""Yes"": 0.0005, ""No"": 0.9995}","[""82225531464765892409447886498262082024313588109407190388031720876269319106258"", ""74548726440436727656651188714024117760858455945047034132131889162404588900475""]",1787406707783,,0.999,0.001,,4219.32,0.0,0.004614,
2026-08-22T13:49:37.385123+00:00,New York City,0x60e023fc412734dce63432c5e2ec69e609eeb7b86a96351577591431753b5fb5,Will the highest temperature in New York City be 67°F or below on August 22?,True,False,2026-08-22,2026-08-21,7491.437,5132.55,41758.12285,,"{""Yes"": 0.0005, ""No"": 0.9995}","[""58968776578131649117981021315210454022108642050324490888229625074165333799511"", ""41292985683615773710167809043078841084013491213403163839637002881120847403486""]",1787407005250,,0.999,0.001,,4399.46,0.0,0.002401,
2026-08-22T13:49:37.385140+00:00,New York City,0x942d5d8929fcffed966774106f730d780db56b5115c2393001dfaffb7183083a,Will the highest temperature in New York City be between 68-69°F on August 22?,True,False,2026-08-22,2026-08-21,5658.6322,3899.752,45126.73933,,"{""Yes"": 0.0005, ""No"": 0.9995}","[""84961300753189087718453506028435441023757547801371175621706860012430249562729"", ""28516945579299192627698888404531229365159323903892974075223308204806776744087""]",1787406623295,,0.999,0.001,,9246.0,0.0,0.002224,
2026-08-22T13:49:37.385157+00:00,New York City,0x25ce1b7b7387148c413ee3f291856179ed1cc51904837697c67a656f5f7c6550,Will the highest temperature in New York City be between 70-71°F on August 22?,True,False,2026-08-22,2026-08-21,27961.909364999996,27812.058794000004,31354.89244,,"{""Yes"": 0.0005, ""No"": 0.9995}","[""98445577116205349494970594520006863753161724146388949535409280517965398256379"", ""52252001268139384492752364493136390733312855094828301203114436930170445408996""]",1787406342333,,0.999,0.001,,9262.43,0.0,0.003208,
2026-08-22T13:49:37.385175+00:00,New York City,0xe2d07c37d90dc585543f6a8eb8f35a6d773d9f66f5755a29f3e79d294cdede19,Will the highest temperature in New York City be between 72-73°F on August 22?,True,False,2026-08-22,2026-08-21,11317.791548000001,10853.554972,778.3436,,"{""Yes"": 0.08, ""No"": 0.92}","[""114220303114617076912409921892040505656619131332387439130287480860707576745909"", ""13236288524812527820040865773156239659533617217184028146960115964622087322138""]",1787406952005,0.1,0.89,0.11,0.9,7183.41,1389.52,0.21805,0.90099
2026-08-22T13:49:37.385192+00:00,New York City,0x6727f7f15d2b8ea1f006316669329f60dd0ab606804001e1dbca2dbd9b2dfa5c,Will the highest temperature in New York City be between 74-75°F on August 22?,True,False,2026-08-22,2026-08-21,8752.70643,7094.245999999999,620.7048,,"{""Yes"": 0.31, ""No"": 0.69}","[""90081247998737697857319215891369197249427667829382780475732070333954048890030"", ""58103310499352188449263875038377397364480312690044039250975224628229161783444""]",1787407011160,0.31,0.64,0.36,0.69,4291.89,1920.01,0.567543,0.711282
2026-08-22T13:49:37.385208+00:00,New York City,0x7006795b6e514c73ff43ff60ef2a19cff95a577e95beda17cd301995695383d7,Will the highest temperature in New York City be between 76-77°F on August 22?,True,False,2026-08-22,2026-08-21,5749.226354,5299.982701,658.7272,,"{""Yes"": 0.45, ""No"": 0.55}","[""51395141563796878258814105826509377342667166367686163704949255870609779201923"", ""50000293278698818965769428661779246637782788825829140395290118342754901858104""]",1787407011159,0.43,0.55,0.45,0.57,3635.01,635.97,0.453783,0.581256
2026-08-22T13:49:37.385225+00:00,New York City,0x6e378c63553894bcef76fcec43468bcb44381ebd38714f4d422fc812d9861364,Will the highest temperature in New York City be between 78-79°F on August 22?,True,False,2026-08-22,2026-08-21,7683.4090620000015,7262.495805,519.2097,,"{""Yes"": 0.12, ""No"": 0.88}","[""83791725590918781771172010388732187290846129006883104378432893557012227941485"", ""10888944644112166978679204926526714075321060019023309634645096996066942947028""]",1787406987143,0.11,0.84,0.16,0.89,7143.94,553.12,0.311089,0.914219
2026-08-22T13:49:37.385241+00:00,New York City,0x258d8e49414b645925e1525e4731d67f4121e13158a22078c77e935fa828776a,Will the highest temperature in New York City be between 80-81°F on August 22?,True,False,2026-08-22,2026-08-21,5573.434289,4882.634471999999,645.01008,,"{""Yes"": 0.0315, ""No"": 0.9685}","[""81398495580226134126340144488134510473693886599282393729088984636977861277750"", ""101162327800347123206682925721698241104250753673368978572687582424157202081976""]",1787406900064,0.023,0.959,0.041,0.977,11781.76,4479.45,0.209291,0.977707
2026-08-22T13:49:37.385257+00:00,New York City,0xe73b08187095283569e9a87dd424921002c74bcd681135800db6930184f116df,Will the highest temperature in New York City be between 82-83°F on August 22?,True,False,2026-08-22,2026-08-21,2413.937248,2340.877248,1345.02749,,"{""Yes"": 0.0025, ""No"": 0.9975}","[""91237721705643528495040541693062976800336043664250418638214660931067071210350"", ""75202635143193836646670253443450412825867995093768447209082447765313777913441""]",1787406918247,0.003,0.996,0.004,0.997,11683.31,1492.54,0.082925,0.9979
2026-08-22T13:49:37.385277+00:00,New York City,0xa416a8b75e923ab23c6ad6babfc8a5da546c916c38a0bd86b062a5014a9b8cb4,Will the highest temperature in New York City be between 84-85°F on August 22?,True,False,2026-08-22,2026-08-21,1628.1295209999998,1202.743521,1567.53287,,"{""Yes"": 0.0005, ""No"": 0.9995}","[""32360688754587735790786636279225748224694138602650279984483573554774374694175"", ""26482122304855412186853138691363032087124653199807408125248748200267488038488""]",1787406353731,,0.999,0.001,,9223.11,0.0,0.056168,
2026-08-22T13:49:37.385291+00:00,New York City,0x9ab60f8814fed31200b36bd471d321d08231ab90b7ba3374f33ffb27b937d95d,Will the highest temperature in New York City be 86°F or higher on August 22?,True,False,2026-08-22,2026-08-21,485.74100000000004,103.75,2208.57649,,"{""Yes"": 0.0005, ""No"": 0.9995}","[""90802258199338684283763723709032693428714550902326081212921238210093757590330"", ""33198940399963249879376800329359855327762908607906799967233256383860226344780""]",1787406411164,,0.999,0.001,,4343.97,0.0,0.042882,
2026-08-22T13:49:37.385325+00:00,New York City,0xc9036371f91975f3035eaef6b8a90505300d2ed6c381e5a091f34e6f525b6c30,Will the highest temperature in New York City be 73°F or below on August 23?,True,False,2026-08-23,2026-08-22,259.1095,269.10949999999997,1427.40722,,"{""Yes"": 0.004, ""No"": 0.996}","[""10501517808396503559679062613105280076493552725081490906123917029764933569068"", ""16539930148426566991001386772640020336886809696306294033523665045132545318797""]",1787406940139,0.001,0.993,0.007,0.999,11139.74,329.17,0.096076,0.999
2026-08-22T13:49:37.385339+00:00,New York City,0xfdd31b8352a5c8771b662fcdb464c773cc1d11bf974e659cb70f9ffa69f1d971,Will the highest temperature in New York City be between 74-75°F on August 23?,True,False,2026-08-23,2026-08-22,177.1,187.1,2068.00786,,"{""Yes"": 0.0045, ""No"": 0.9955}","[""112593911214148767251997447162048098507025776011516821062683980433117487587204"", ""28774677088252630300905164900322307897288593922313256849914430510520303670187""]",1787406940154,0.001,0.992,0.008,0.999,21494.16,113.92,0.130191,0.999
2026-08-22T13:49:37.385349+00:00,New York City,0xdff8dcf4bbc37881731bc3cd7d4ac6c9ebcadc43d2cc04451ca6d50700567d34,Will the highest temperature in New York City be between 76-77°F on August 23?,True,False,2026-08-23,2026-08-22,1124.527644,1134.527644,5521.93318,,"{""Yes"": 0.013, ""No"": 0.987}","[""62829073598251019513915763061620999817960159076895788159212448057654320897962"", ""84041388028731725957829593393523520675880853212883236770194889568065753948580""]",1787406940424,0.007,0.981,0.019,0.993,42562.95,2096.69,0.080399,0.993
2026-08-22T13:49:37.385364+00:00,New York City,0x16a2264e070d745d1181c9892bf39e12b9dcb300f521ef75e8715327e48f5429,Will the highest temperature in New York City be between 78-79°F on August 23?,True,False,2026-08-23,2026-08-22,442.25234100000006,454.44234100000006,1827.6248,,"{""Yes"": 0.08, ""No"": 0.92}","[""99008833481370731920855473787773616780163563011492750734789352629703483318767"", ""44828389890422355055512282211707089824388453115742352625652849918528510892634""]",1787406924766,0.07,0.91,0.09,0.93,14126.74,5934.77,0.320688,0.93
2026-08-22T13:49:37.385374+00:00,New York City,0x96643f2898239f932349a05ae7f2c35559619ffb85c5392bb409397a2033da2a,Will the highest temperature in New York City be between 80-81°F on August 23?,True,False,2026-08-23,2026-08-22,1032.008155,1042.008155,3200.9903,,"{""Yes"": 0.32, ""No"": 0.68}","[""38471214694170037984973568648626321853290574777070945187168512580638224047691"", ""57259393671183172582735310615165731463003209662048889377423041072317121773930""]",1787407015705,0.31,0.67,0.33,0.69,20220.15,6056.41,0.334646,0.69
2026-08-22T13:49:37.385384+00:00,New York City,0xb7ac66dbfe44ae9a9bc7aba9774d8f06cfd2d777155025993654263adf78ac13,Will the highest temperature in New York City be between 82-83°F on August 23?,True,False,2026-08-23,2026-08-22,783.606003,801.096003,2967.3566,,"{""Yes"": 0.465, ""No"": 0.535}","[""38902169854652465630947854107317854773848010553570595835561074295476091954219"", ""6880128462746070135371935773408905637598101683104843419847437315115438647321""]",1787407002338,0.46,0.53,0.47,0.54,16375.76,5724.5,0.47,0.54
2026-08-22T13:49:37.385394+00:00,New York City,0x714f5f1a3a9e8549a6390de8ee6faf63d888a3ab2954cea29c21c8cf4d3ea803,Will the highest temperature in New York City be between 84-85°F on August 23?,True,False,2026-08-23,2026-08-22,1120.677205,1156.6772049999997,2935.0654,,"{""Yes"": 0.135, ""No"": 0.865}","[""17038710002793063990392478273767776431217094462603108901566464212730505441264"", ""53289516700889681580133774628163618738689195710639848372945100123825138670438""]",1787407002419,0.12,0.85,0.15,0.88,19326.86,2043.12,0.168738,0.882395
2026-08-22T13:49:37.385403+00:00,New York City,0xc61a4545e137bab8119d71e25184238450e011383cb9906667c8562762ae56ea,Will the highest temperature in New York City be between 86-87°F on August 23?,True,False,2026-08-23,2026-08-22,243.60365,253.60365,1752.6317,,"{""Yes"": 0.03, ""No"": 0.97}","[""103608175012448499910775714089032094918845576128750358412668580846019845532387"", ""113385366596592597814917790331990980266455298839766004097226405663918192965083""]",1787406941660,0.02,0.96,0.04,0.98,18177.15,491.29,0.17457,0.98
2026-08-22T13:49:37.385412+00:00,New York City,0x97eeb6e6a72cb792b68e9a9454aa7c3f7e74746393900643b3b162547a587c95,Will the highest temperature in New York City be between 88-89°F on August 23?,True,False,2026-08-23,2026-08-22,106.43,116.43,1879.19744,,"{""Yes"": 0.0125, ""No"": 0.9875}","[""114838494395643787940169365281062314792066024869237367327695044887469706733593"", ""109900369320075389007190344200979532199724927951718771892516491750534698347746""]",1787406954771,0.006,0.981,0.019,0.994,21861.01,1916.81,0.14039,0.994508
2026-08-22T13:49:37.385422+00:00,New York City,0xb33ea35df7e20788eb863a8913b0d04ebd7c0d900d6b54ca5b7264b41280b06d,Will the highest temperature in New York City be between 90-91°F on August 23?,True,False,2026-08-23,2026-08-22,134.5985,144.5985,2054.51269,,"{""Yes"": 0.003, ""No"": 0.997}","[""56081030867967291153857547461153886031899854227951226713971332403073818045533"", ""12246287985759348649967848152152215415064867795192738483400415644170095101704""]",1787406921702,0.002,0.996,0.004,0.998,21591.83,149.15,0.114171,0.998
2026-08-22T13:49:37.385431+00:00,New York City,0xd81e24363e9032f71e4b3bcc6172b8658d30cae6ca793521e6aedae693d44443,Will the highest temperature in New York City be 92°F or higher on August 23?,True,False,2026-08-23,2026-08-22,247.62349999999998,257.6235,2407.02703,,"{""Yes"": 0.003, ""No"": 0.997}","[""96059710701050699345409109008774733443452819159964144536091672091931640669656"", ""82164490970881232273561758214562714222586308963935020439603047630558572723413""]",1787406921649,0.002,0.996,0.004,0.998,7652.22,315.54,0.045507,0.998
2026-08-22T13:49:37.385442+00:00,New York City,0xf54c033197acc057350bcb3f6d5f2feda7c8bb850920f008479e6a05f8d97801,Will the lowest temperature in New York City be 59°F or below on August 23?,True,False,2026-08-23,2026-08-22,5.0,10.0,1508.067,,"{""Yes"": 0.0085, ""No"": 0.9915}","[""41913461189028344507895252785216841444603178472297165560331836124148706365467"", ""91015721423101112190959656039967433816753262625439181065136100173982143003079""]",1787406985184,0.002,0.989,0.011,0.998,1877.23,219.67,0.098836,0.998
2026-08-22T13:49:37.385452+00:00,New York City,0x5a980885aaeebbaa301e96b374d8848428ed688d9ad421fec2e0403206880bda,Will the lowest temperature in New York City be between 60-61°F on August 23?,True,False,2026-08-23,2026-08-22,5.0,10.0,1012.47528,,"{""Yes"": 0.0075, ""No"": 0.9925}","[""34708389771261436513875651680918471994008182689217040058196582123745422313544"", ""92148277642001454670628007038423530304847052222229790925054881143767927985130""]",1787406990000,0.002,0.984,0.016,0.998,4628.64,285.54,0.092614,0.998
2026-08-22T13:49:37.385461+00:00,New York City,0x6191fa410034adab4ec97add27d9dafd007900dbca4e2c3cb7acb9e6228127ad,Will the lowest temperature in New York City be between 62-63°F on August 23?,True,False,2026-08-23,2026-08-22,15.0,15.0,250.3475,,"{""Yes"": 0.035, ""No"": 0.965}","[""25571084448407965069777688199749495797456120322699899958504451972139602637736"", ""111247815246430826017067494082678694522123993199889962038977612676826346203282""]",1787406967936,,0.93,0.07,,2522.42,0.0,0.342209,
2026-08-22T13:49:37.385471+00:00,New York City,0xc98a211856bd6009ae6611104676cf119438cfb7092fce98bea36542ce3fa49d,Will the lowest temperature in New York City be between 64-65°F on August 23?,True,False,2026-08-23,2026-08-22,60.989125,60.989125,215.8242,,"{""Yes"": 0.05, ""No"": 0.95}","[""81814558559019248028254087088241572223430133435721336539678062917305548908416"", ""26049116177937411211761011915147615512055879083869278830198611672766524328465""]",1787406866542,0.02,0.91,0.09,0.98,2592.61,205.37,0.40334,0.984585
2026-08-22T13:49:37.385481+00:00,New York City,0x07546d5d4dc1731b628ae465ff0c3c8b9569d00865a0b98ebb37c3796b541924,Will the lowest temperature in New York City be between 66-67°F on August 23?,True,False,2026-08-23,2026-08-22,0.0,0.0,232.4359,,"{""Yes"": 0.125, ""No"": 0.875}","[""27741605023909144744600208994630187557025032271603385158433763556840509191923"", ""32313089525816244992767397782013546351091861012806371928399928016639714626131""]",1787406815185,0.1,0.85,0.15,0.9,2567.31,1077.67,0.416511,0.917356
2026-08-22T13:49:37.385490+00:00,New York City,0x5f831087882c112ea8a710483b9fac76def107d07363d55b3cd8f02ad60cb784,Will the lowest temperature in New York City be between 68-69°F on August 23?,True,False,2026-08-23,2026-08-22,0.0,0.0,233.6337,,"{""Yes"": 0.29, ""No"": 0.71}","[""62731327394872024260018077248079612250729736322196134319497499153154357694890"", ""77942760536036459065628831918667521873575363585765768263676138781889777487108""]",1787406897046,0.23,0.66,0.34,0.77,2718.23,1674.14,0.560275,0.817754
2026-08-22T13:49:37.385499+00:00,New York City,0x6e41bc702e225ebee2ef744e36575b0beb00cae5f8d7c4965a6839b908a7bbef,Will the lowest temperature in New York City be between 70-71°F on August 23?,True,False,2026-08-23,2026-08-22,41.37135000000001,41.37135,204.2627,,"{""Yes"": 0.445, ""No"": 0.555}","[""97929326759611566086045398151294653654679302920327882000632632383469767154285"", ""94968669357615007409266742991227210201417230062690320900279905223637984197950""]",1787406995183,0.44,0.55,0.45,0.56,2588.34,1525.0,0.577796,0.788864
2026-08-22T13:49:37.385508+00:00,New York City,0x3c1bffbc72d1170a3c402357bf013b8823d3900c49c8b37eb63b240e397a5373,Will the lowest temperature in New York City be between 72-73°F on August 23?,True,False,2026-08-23,2026-08-22,22.041114,22.041114,234.7596,,"{""Yes"": 0.175, ""No"": 0.825}","[""31445166572879133259435842922747699234629564073372047282691875686213207469126"", ""98981965662187048906475461859543917805124754119113895151772985911396791238194""]",1787406920603,0.17,0.82,0.18,0.83,2568.86,685.84,0.439575,0.83
2026-08-22T13:49:37.385518+00:00,New York City,0x97dfd04eae5361848b9caf0e379b837a8037b6404039ad37323a971d58f098e4,Will the lowest temperature in New York City be between 74-75°F on August 23?,True,False,2026-08-23,2026-08-22,25.0,35.0,192.4434,,"{""Yes"": 0.045, ""No"": 0.955}","[""41714088549412194627884398821390833657416130732117532517431298221072732288703"", ""62842949275880786458820919355393417558406061876802088275856269429081131191378""]",1787406805188,0.02,0.93,0.07,0.98,2552.73,146.22,0.403254,0.987039
2026-08-22T13:49:37.385528+00:00,New York City,0x2319a9f4211b9d1dd8d5cfd5266eac5e2cb69ea2a70b633ea9f8deac11b4ec4d,Will the lowest temperature in New York City be between 76-77°F on August 23?,True,False,2026-08-23,2026-08-22,143.0,153.0,388.0345,,"{""Yes"": 0.01, ""No"": 0.99}","[""92331854501114406890782732486050648149419036081783782146869895416355863944794"", ""57886385134129928159238646368632554049697745251836485605418183650283651196115""]",1787406986071,,0.98,0.02,,4532.7,0.0,0.285919,
2026-08-22T13:49:37.385536+00:00,New York City,0x8b3964088dc4f5921476e0f417a6bfa6e2756659cd61871c8f5bd4145974edcc,Will the lowest temperature in New York City be 78°F or higher on August 23?,True,False,2026-08-23,2026-08-22,5.0,15.0,156.1478,,"{""Yes"": 0.02, ""No"": 0.98}","[""74868967738772559701068344511495423353799737045151713312441529878854038744890"", ""79856954817952259451687076098873020309882007444904034332054546862116276250193""]",1787406986147,,0.96,0.04,,220.51,0.0,0.374055,
2026-08-22T14:41:55.327020+00:00,New York City,0x54dcc4454625f5f1d334566744d9096a1149874f5d960db58b831a74e095b5d5,Will the lowest temperature in New York City be 59°F or below on August 22?,True,False,2026-08-22,2026-08-21,214.018,202.018,1173.35488,,"{""Yes"": 0.0005, ""No"": 0.9995}","[""22176085656247966028331551853638107537470051324335055789558369382929683210343"", ""2267978970326297723553940601314171628859636069224705401708236892850840788574""]",1787408767772,,0.999,0.001,,4178.05,0.0,0.084207,
2026-08-22T14:41:55.327060+00:00,New York City,0x4a329c3c83c03df36dfab693a263300d0681bdac863efe7f81c3271b59f75abd,Will the lowest temperature in New York City be between 60-61°F on August 22?,True,False,2026-08-22,2026-08-21,467.466,450.466,1086.62583,,"{""Yes"": 0.0015, ""No"": 0.9985}","[""57167492078919856972518558145921607569548726888853941010667963281057213184432"", ""30525319886414391606885741506677872028934770762542779414612397146283819035961""]",1787409914296,0.001,0.998,0.002,0.999,4195.88,71.48,0.093894,
2026-08-22T14:41:55.327078+00:00,New York City,0xef097895a83907dbe3ec3e8d22545bffb5ac4b592dd6170a6eee80ca9cc293bb,Will the lowest temperature in New York City be between 62-63°F on August 22?,True,False,2026-08-22,2026-08-21,277.91,228.71,746.90528,,"{""Yes"": 0.005, ""No"": 0.995}","[""45681626258458280676213473424882847719722052069172846841022502505853622627439"", ""80011524950630074551789238568474286480241672837405698472638837569921200162148""]",1787410021205,0.003,0.993,0.007,0.997,4211.88,183.19,0.138509,0.997185
2026-08-22T14:41:55.327095+00:00,New York City,0x002fc34dd896077b110da622105033345a005b0acb6bd69b0822b3737cb65ddd,Will the lowest temperature in New York City be between 64-65°F on August 22?,True,False,2026-08-22,2026-08-21,394.25935,357.2168,61.7156,,"{""Yes"": 0.05, ""No"": 0.95}","[""63773393739221834104651676663344121685573450563857634042856283335549537102653"", ""88033838603680297674698215778109359526350169078051715115814074079069409687995""]",1787410027796,0.01,0.91,0.09,0.99,187.13,392.14,0.636523,0.99
2026-08-22T14:41:55.327115+00:00,New York City,0xfab18e113307d1f42049c66a1a92ace3e327dd10c09d0c19144bd71783463364,Will the lowest temperature in New York City be between 66-67°F on August 22?,True,False,2026-08-22,2026-08-21,365.10964699999994,274.87348,47.059,,"{""Yes"": 0.09, ""No"": 0.91}","[""92163698769008901414801228646341607937236816654571095417680419783334040742305"", ""79147634621270984375661486233617478153672859175960026083035358069964394312020""]",1787410027797,0.03,0.85,0.15,0.97,149.63,379.4,0.720089,0.97
2026-08-22T14:41:55.327131+00:00,New York City,0x5dbe4930a2d69c3974d78c6f145e0ae7aef0afe859945440962589545d15c27e,Will the lowest temperature in New York City be between 68-69°F on August 22?,True,False,2026-08-22,2026-08-21,1051.315514,974.5512319999999,42.7188,,"{""Yes"": 0.395, ""No"": 0.605}","[""102161550546141171718592932188454213460635585161963173365335629871525879686627"", ""62248823643995751731227370875463031992607697617523717400611442648094026925537""]",1787409862129,0.08,0.3,0.7,0.92,279.46,493.57,0.894702,0.928928
2026-08-22T14:41:55.327147+00:00,New York City,0xeb9437a98c93f75d5cfd1ba36ad11563996c7b48b7722457978ebe12cbea60f3,Will the lowest temperature in New York City be between 70-71°F on August 22?,True,False,2026-08-22,2026-08-21,574.717211,490.73775,60.0341,,"{""Yes"": 0.5, ""No"": 0.5}","[""90335072572473530532445096481344729704494866468199046823791889372819977574128"", ""83090340422046528949177736108663528002668483123667297806592548039819000596025""]",1787409908162,0.26,0.12,0.88,0.74,428.2,449.07,0.894929,0.866609
2026-08-22T14:41:55.327163+00:00,New York City,0xbde966425cdd788bd024982a5ee0e119a159c88c0443add283d42df0a493c31b,Will the lowest temperature in New York City be between 72-73°F on August 22?,True,False,2026-08-22,2026-08-21,991.2412,953.8412,20429.56686,,"{""Yes"": 0.0005, ""No"": 0.9995}","[""77348581478469193025373299675539767896079436532791539162461001183884931566275"", ""25718091385299197858687993541357133666433211818732057358057946891320711386520""]",1787408665545,,0.999,0.001,,4238.84,0.0,0.004893,
2026-08-22T14:41:55.327180+00:00,New York City,0xba96e05af67328c367c660e00a49e84879175db0aa8dda26078624372a685c2e,Will the lowest temperature in New York City be between 74-75°F on August 22?,True,False,2026-08-22,2026-08-21,446.08000000000004,384.04,20483.49978,,"{""Yes"": 0.0005, ""No"": 0.9995}","[""19535018881362563194304737615410708838997688466633096387809969256217446161129"", ""39876616032408383185314067220007911162055542005557097175729260358462038899765""]",1787409946261,,0.999,0.001,,4244.46,0.0,0.00488,
2026-08-22T14:41:55.327196+00:00,New York City,0xc24073a4e63982d8ed1b569ff89ce337c1e6c14e14e3546affbea9d617643e75,Will the lowest temperature in New York City be between 76-77°F on August 22?,True,False,2026-08-22,2026-08-21,184.0,172.0,21373.36509,,"{""Yes"": 0.0005, ""No"": 0.9995}","[""86814143036964066695108823197756480372562391896588142422103788090182359176122"", ""66590717440993268935187443317507451587097336853789459429433486685779409405047""]",1787408238121,,0.999,0.001,,4213.6,0.0,0.004676,
2026-08-22T14:41:55.327211+00:00,New York City,0x4115b736021acabd1cb943facdc67ba9d7266368233e8580fdd802562333a36e,Will the lowest temperature in New York City be 78°F or higher on August 22?,True,False,2026-08-22,2026-08-21,174.0,162.0,21669.75494,,"{""Yes"": 0.0005, ""No"": 0.9995}","[""82225531464765892409447886498262082024313588109407190388031720876269319106258"", ""74548726440436727656651188714024117760858455945047034132131889162404588900475""]",1787409689224,,0.999,0.001,,4218.2,0.0,0.004613,
2026-08-22T14:41:55.327227+00:00,New York City,0x60e023fc412734dce63432c5e2ec69e609eeb7b86a96351577591431753b5fb5,Will the highest temperature in New York City be 67°F or below on August 22?,True,False,2026-08-22,2026-08-21,7491.437,5132.55,42017.75093,,"{""Yes"": 0.0005, ""No"": 0.9995}","[""58968776578131649117981021315210454022108642050324490888229625074165333799511"", ""41292985683615773710167809043078841084013491213403163839637002881120847403486""]",1787410029819,,0.999,0.001,,4399.95,0.0,0.002385,
2026-08-22T14:41:55.327243+00:00,New York City,0x942d5d8929fcffed966774106f730d780db56b5115c2393001dfaffb7183083a,Will the highest temperature in New York City be between 68-69°F on August 22?,True,False,2026-08-22,2026-08-21,5658.6322,3899.752,45157.05219,,"{""Yes"": 0.0005, ""No"": 0.9995}","[""84961300753189087718453506028435441023757547801371175621706860012430249562729"", ""28516945579299192627698888404531229365159323903892974075223308204806776744087""]",1787409657497,,0.999,0.001,,9242.81,0.0,0.002221,
2026-08-22T14:41:55.327259+00:00,New York City,0x25ce1b7b7387148c413ee3f291856179ed1cc51904837697c67a656f5f7c6550,Will the highest temperature in New York City be between 70-71°F on August 22?,True,False,2026-08-22,2026-08-21,27961.909364999996,27812.058794,31228.16145,,"{""Yes"": 0.0005, ""No"": 0.9995}","[""98445577116205349494970594520006863753161724146388949535409280517965398256379"", ""52252001268139384492752364493136390733312855094828301203114436930170445408996""]",1787409657496,,0.999,0.001,,9429.87,0.0,0.00322,
2026-08-22T14:41:55.327275+00:00,New York City,0xe2d07c37d90dc585543f6a8eb8f35a6d773d9f66f5755a29f3e79d294cdede19,Will the highest temperature in New York City be between 72-73°F on August 22?,True,False,2026-08-22,2026-08-21,13205.006680999997,12740.770105000001,750.0457,,"{""Yes"": 0.065, ""No"": 0.935}","[""114220303114617076912409921892040505656619131332387439130287480860707576745909"", ""13236288524812527820040865773156239659533617217184028146960115964622087322138""]",1787410007753,0.05,0.94,0.06,0.95,5342.28,875.51,0.166441,0.95
2026-08-22T14:41:55.327291+00:00,New York City,0x6727f7f15d2b8ea1f006316669329f60dd0ab606804001e1dbca2dbd9b2dfa5c,Will the highest temperature in New York City be between 74-75°F on August 22?,True,False,2026-08-22,2026-08-21,9727.137609000001,8057.239273999999,352.8655,,"{""Yes"": 0.355, ""No"": 0.645}","[""90081247998737697857319215891369197249427667829382780475732070333954048890030"", ""58103310499352188449263875038377397364480312690044039250975224628229161783444""]",1787410031159,0.35,0.64,0.36,0.65,3251.29,1408.24,0.583798,0.657625
2026-08-22T14:41:55.327307+00:00,New York City,0x7006795b6e514c73ff43ff60ef2a19cff95a577e95beda17cd301995695383d7,Will the highest temperature in New York City be between 76-77°F on August 22?,True,False,2026-08-22,2026-08-21,6585.302635000001,6136.058982000001,385.6121,,"{""Yes"": 0.48, ""No"": 0.52}","[""51395141563796878258814105826509377342667166367686163704949255870609779201923"", ""50000293278698818965769428661779246637782788825829140395290118342754901858104""]",1787410011166,0.47,0.5,0.5,0.53,3570.29,666.53,0.500027,0.56564
2026-08-22T14:41:55.327323+00:00,New York City,0x6e378c63553894bcef76fcec43468bcb44381ebd38714f4d422fc812d9861364,Will the highest temperature in New York City be between 78-79°F on August 22?,True,False,2026-08-22,2026-08-21,8076.495392999999,7655.582136,325.3453,,"{""Yes"": 0.115, ""No"": 0.885}","[""83791725590918781771172010388732187290846129006883104378432893557012227941485"", ""10888944644112166978679204926526714075321060019023309634645096996066942947028""]",1787410007749,0.11,0.86,0.14,0.89,3284.3,657.47,0.358006,0.896998
2026-08-22T14:41:55.327339+00:00,New York City,0x258d8e49414b645925e1525e4731d67f4121e13158a22078c77e935fa828776a,Will the highest temperature in New York City be between 80-81°F on August 22?,True,False,2026-08-22,2026-08-21,5928.825091000001,5238.025274,868.4247,,"{""Yes"": 0.019, ""No"": 0.981}","[""81398495580226134126340144488134510473693886599282393729088984636977861277750"", ""101162327800347123206682925721698241104250753673368978572687582424157202081976""]",1787409914296,0.006,0.983,0.017,0.994,9421.96,3364.09,0.116456,0.994861
2026-08-22T14:41:55.327355+00:00,New York City,0xe73b08187095283569e9a87dd424921002c74bcd681135800db6930184f116df,Will the highest temperature in New York City be between 82-83°F on August 22?,True,False,2026-08-22,2026-08-21,2638.4772479999997,2565.417248,1525.4349,,"{""Yes"": 0.0025, ""No"": 0.9975}","[""91237721705643528495040541693062976800336043664250418638214660931067071210350"", ""75202635143193836646670253443450412825867995093768447209082447765313777913441""]",1787409931167,0.001,0.996,0.004,0.999,9182.82,11.11,0.068081,
2026-08-22T14:41:55.327371+00:00,New York City,0xa416a8b75e923ab23c6ad6babfc8a5da546c916c38a0bd86b062a5014a9b8cb4,Will the highest temperature in New York City be between 84-85°F on August 22?,True,False,2026-08-22,2026-08-21,1628.129521,1202.743521,1763.2426,,"{""Yes"": 0.0005, ""No"": 0.9995}","[""32360688754587735790786636279225748224694138602650279984483573554774374694175"", ""26482122304855412186853138691363032087124653199807408125248748200267488038488""]",1787409657496,,0.999,0.001,,9223.93,0.0,0.06043,
2026-08-22T14:41:55.327387+00:00,New York City,0x9ab60f8814fed31200b36bd471d321d08231ab90b7ba3374f33ffb27b937d95d,Will the highest temperature in New York City be 86°F or higher on August 22?,True,False,2026-08-22,2026-08-21,485.74100000000004,103.75,2470.11646,,"{""Yes"": 0.0005, ""No"": 0.9995}","[""90802258199338684283763723709032693428714550902326081212921238210093757590330"", ""33198940399963249879376800329359855327762908607906799967233256383860226344780""]",1787409657496,,0.999,0.001,,4317.6,0.0,0.040833,
2026-08-22T14:41:55.327404+00:00,New York City,0xc9036371f91975f3035eaef6b8a90505300d2ed6c381e5a091f34e6f525b6c30,Will the highest temperature in New York City be 73°F or below on August 23?,True,False,2026-08-23,2026-08-22,259.1095,269.10949999999997,2912.87545,,"{""Yes"": 0.004, ""No"": 0.996}","[""10501517808396503559679062613105280076493552725081490906123917029764933569068"", ""16539930148426566991001386772640020336886809696306294033523665045132545318797""]",1787410019205,0.001,0.994,0.006,0.999,6994.11,329.17,0.069797,0.999
2026-08-22T14:41:55.327423+00:00,New York City,0xfdd31b8352a5c8771b662fcdb464c773cc1d11bf974e659cb70f9ffa69f1d971,Will the highest temperature in New York City be between 74-75°F on August 23?,True,False,2026-08-23,2026-08-22,177.1,187.1,3401.23735,,"{""Yes"": 0.0045, ""No"": 0.9955}","[""112593911214148767251997447162048098507025776011516821062683980433117487587204"", ""28774677088252630300905164900322307897288593922313256849914430510520303670187""]",1787410024876,0.001,0.992,0.008,0.999,18989.12,113.92,0.102869,0.999
2026-08-22T14:41:55.327434+00:00,New York City,0xdff8dcf4bbc37881731bc3cd7d4ac6c9ebcadc43d2cc04451ca6d50700567d34,Will the highest temperature in New York City be between 76-77°F on August 23?,True,False,2026-08-23,2026-08-22,1124.527644,1134.527644,6421.03615,,"{""Yes"": 0.013, ""No"": 0.987}","[""62829073598251019513915763061620999817960159076895788159212448057654320897962"", ""84041388028731725957829593393523520675880853212883236770194889568065753948580""]",1787410019205,0.007,0.981,0.019,0.993,41915.85,2096.69,0.058601,0.993
2026-08-22T14:41:55.327444+00:00,New York City,0x16a2264e070d745d1181c9892bf39e12b9dcb300f521ef75e8715327e48f5429,Will the highest temperature in New York City be between 78-79°F on August 23?,True,False,2026-08-23,2026-08-22,442.25234100000006,454.442341,2101.7984,,"{""Yes"": 0.075, ""No"": 0.925}","[""99008833481370731920855473787773616780163563011492750734789352629703483318767"", ""44828389890422355055512282211707089824388453115742352625652849918528510892634""]",1787410019205,0.07,0.92,0.08,0.93,15649.33,4500.78,0.121553,0.93
2026-08-22T14:41:55.327454+00:00,New York City,0x96643f2898239f932349a05ae7f2c35559619ffb85c5392bb409397a2033da2a,Will the highest temperature in New York City be between 80-81°F on August 23?,True,False,2026-08-23,2026-08-22,1032.008155,1042.0081549999998,4272.3489,,"{""Yes"": 0.315, ""No"": 0.685}","[""38471214694170037984973568648626321853290574777070945187168512580638224047691"", ""57259393671183172582735310615165731463003209662048889377423041072317121773930""]",1787410024761,0.31,0.68,0.32,0.69,18903.03,4583.63,0.32,0.699097
2026-08-22T14:41:55.327463+00:00,New York City,0xb7ac66dbfe44ae9a9bc7aba9774d8f06cfd2d777155025993654263adf78ac13,Will the highest temperature in New York City be between 82-83°F on August 23?,True,False,2026-08-23,2026-08-22,883.1108039999999,900.6008039999998,3733.678,,"{""Yes"": 0.475, ""No"": 0.525}","[""38902169854652465630947854107317854773848010553570595835561074295476091954219"", ""6880128462746070135371935773408905637598101683104843419847437315115438647321""]",1787410019205,0.47,0.52,0.48,0.53,16508.74,3555.3,0.48,0.53
2026-08-22T14:41:55.327474+00:00,New York City,0x714f5f1a3a9e8549a6390de8ee6faf63d888a3ab2954cea29c21c8cf4d3ea803,Will the highest temperature in New York City be between 84-85°F on August 23?,True,False,2026-08-23,2026-08-22,1120.677205,1156.6772049999997,3880.4892,,"{""Yes"": 0.14, ""No"": 0.86}","[""17038710002793063990392478273767776431217094462603108901566464212730505441264"", ""53289516700889681580133774628163618738689195710639848372945100123825138670438""]",1787410019205,0.13,0.86,0.14,0.87,16746.74,3524.73,0.160147,0.87
2026-08-22T14:41:55.327484+00:00,New York City,0xc61a4545e137bab8119d71e25184238450e011383cb9906667c8562762ae56ea,Will the highest temperature in New York City be between 86-87°F on August 23?,True,False,2026-08-23,2026-08-22,243.60365,253.60365000000002,2425.8144,,"{""Yes"": 0.025, ""No"": 0.975}","[""103608175012448499910775714089032094918845576128750358412668580846019845532387"", ""113385366596592597814917790331990980266455298839766004097226405663918192965083""]",1787410019205,0.02,0.97,0.03,0.98,15350.45,344.29,0.101444,0.983467
2026-08-22T14:41:55.327493+00:00,New York City,0x97eeb6e6a72cb792b68e9a9454aa7c3f7e74746393900643b3b162547a587c95,Will the highest temperature in New York City be between 88-89°F on August 23?,True,False,2026-08-23,2026-08-22,124.61000000000001,134.61,3030.6596,,"{""Yes"": 0.0125, ""No"": 0.9875}","[""114838494395643787940169365281062314792066024869237367327695044887469706733593"", ""109900369320075389007190344200979532199724927951718771892516491750534698347746""]",1787410003955,0.006,0.981,0.019,0.994,19459.21,2325.55,0.08611,0.994403
2026-08-22T14:41:55.327503+00:00,New York City,0xb33ea35df7e20788eb863a8913b0d04ebd7c0d900d6b54ca5b7264b41280b06d,Will the highest temperature in New York City be between 90-91°F on August 23?,True,False,2026-08-23,2026-08-22,134.5985,144.5985,3563.65075,,"{""Yes"": 0.003, ""No"": 0.997}","[""56081030867967291153857547461153886031899854227951226713971332403073818045533"", ""12246287985759348649967848152152215415064867795192738483400415644170095101704""]",1787410014918,0.002,0.996,0.004,0.998,19059.08,149.15,0.083243,0.998
2026-08-22T14:41:55.327512+00:00,New York City,0xd81e24363e9032f71e4b3bcc6172b8658d30cae6ca793521e6aedae693d44443,Will the highest temperature in New York City be 92°F or higher on August 23?,True,False,2026-08-23,2026-08-22,247.62349999999998,257.6235,4421.66822,,"{""Yes"": 0.003, ""No"": 0.997}","[""96059710701050699345409109008774733443452819159964144536091672091931640669656"", ""82164490970881232273561758214562714222586308963935020439603047630558572723413""]",1787410019246,0.002,0.997,0.003,0.998,5950.32,315.54,0.037498,0.998
2026-08-22T14:41:55.327522+00:00,New York City,0xf54c033197acc057350bcb3f6d5f2feda7c8bb850920f008479e6a05f8d97801,Will the lowest temperature in New York City be 59°F or below on August 23?,True,False,2026-08-23,2026-08-22,10.0,15.0,1726.65733,,"{""Yes"": 0.008, ""No"": 0.992}","[""41913461189028344507895252785216841444603178472297165560331836124148706365467"", ""91015721423101112190959656039967433816753262625439181065136100173982143003079""]",1787410025183,0.002,0.987,0.013,0.998,1706.1,119.87,0.092455,0.9989
2026-08-22T14:41:55.327532+00:00,New York City,0x5a980885aaeebbaa301e96b374d8848428ed688d9ad421fec2e0403206880bda,Will the lowest temperature in New York City be between 60-61°F on August 23?,True,False,2026-08-23,2026-08-22,10.0,15.0,1815.95834,,"{""Yes"": 0.0105, ""No"": 0.9895}","[""34708389771261436513875651680918471994008182689217040058196582123745422313544"", ""92148277642001454670628007038423530304847052222229790925054881143767927985130""]",1787410020093,0.002,0.985,0.015,0.998,5450.18,285.54,0.09002,0.998
2026-08-22T14:41:55.327541+00:00,New York City,0x6191fa410034adab4ec97add27d9dafd007900dbca4e2c3cb7acb9e6228127ad,Will the lowest temperature in New York City be between 62-63°F on August 23?,True,False,2026-08-23,2026-08-22,15.0,15.0,390.2348,,"{""Yes"": 0.04, ""No"": 0.96}","[""25571084448407965069777688199749495797456120322699899958504451972139602637736"", ""111247815246430826017067494082678694522123993199889962038977612676826346203282""]",1787409975189,,0.93,0.07,,3281.05,0.0,0.303868,
2026-08-22T14:41:55.327551+00:00,New York City,0xc98a211856bd6009ae6611104676cf119438cfb7092fce98bea36542ce3fa49d,Will the lowest temperature in New York City be between 64-65°F on August 23?,True,False,2026-08-23,2026-08-22,71.989125,71.989125,350.5915,,"{""Yes"": 0.055, ""No"": 0.945}","[""81814558559019248028254087088241572223430133435721336539678062917305548908416"", ""26049116177937411211761011915147615512055879083869278830198611672766524328465""]",1787409961096,0.02,0.91,0.09,0.98,3230.71,199.49,0.360257,0.985173
2026-08-22T14:41:55.327561+00:00,New York City,0x07546d5d4dc1731b628ae465ff0c3c8b9569d00865a0b98ebb37c3796b541924,Will the lowest temperature in New York City be between 66-67°F on August 23?,True,False,2026-08-23,2026-08-22,25.22222,25.22222,366.401,,"{""Yes"": 0.125, ""No"": 0.875}","[""27741605023909144744600208994630187557025032271603385158433763556840509191923"", ""32313089525816244992767397782013546351091861012806371928399928016639714626131""]",1787409985185,0.1,0.86,0.14,0.9,3252.4,1070.12,0.382201,0.921087
2026-08-22T14:41:55.327570+00:00,New York City,0x5f831087882c112ea8a710483b9fac76def107d07363d55b3cd8f02ad60cb784,Will the lowest temperature in New York City be between 68-69°F on August 23?,True,False,2026-08-23,2026-08-22,5.0,5.0,287.2285,,"{""Yes"": 0.34, ""No"": 0.66}","[""62731327394872024260018077248079612250729736322196134319497499153154357694890"", ""77942760536036459065628831918667521873575363585765768263676138781889777487108""]",1787409975442,0.23,0.69,0.31,0.77,3219.59,1669.0,0.493667,0.784385
2026-08-22T14:41:55.327580+00:00,New York City,0x6e41bc702e225ebee2ef744e36575b0beb00cae5f8d7c4965a6839b908a7bbef,Will the lowest temperature in New York City be between 70-71°F on August 23?,True,False,2026-08-23,2026-08-22,56.72849000000001,56.72849,307.4178,,"{""Yes"": 0.445, ""No"": 0.555}","[""97929326759611566086045398151294653654679302920327882000632632383469767154285"", ""94968669357615007409266742991227210201417230062690320900279905223637984197950""]",1787410015395,0.44,0.55,0.45,0.56,3150.01,1538.73,0.503753,0.788864
2026-08-22T14:41:55.327590+00:00,New York City,0x3c1bffbc72d1170a3c402357bf013b8823d3900c49c8b37eb63b240e397a5373,Will the lowest temperature in New York City be between 72-73°F on August 23?,True,False,2026-08-23,2026-08-22,47.285014000000004,47.285014000000004,321.8251,,"{""Yes"": 0.18, ""No"": 0.82}","[""31445166572879133259435842922747699234629564073372047282691875686213207469126"", ""98981965662187048906475461859543917805124754119113895151772985911396791238194""]",1787410005191,0.17,0.82,0.18,0.83,3093.78,702.44,0.397765,0.83
2026-08-22T14:41:55.327600+00:00,New York City,0x97dfd04eae5361848b9caf0e379b837a8037b6404039ad37323a971d58f098e4,Will the lowest temperature in New York City be between 74-75°F on August 23?,True,False,2026-08-23,2026-08-22,65.571427,75.571427,394.9179,,"{""Yes"": 0.025, ""No"": 0.975}","[""41714088549412194627884398821390833657416130732117532517431298221072732288703"", ""62842949275880786458820919355393417558406061876802088275856269429081131191378""]",1787409961092,0.02,0.97,0.03,0.98,3202.48,146.22,0.324344,0.987039
2026-08-22T14:41:55.327609+00:00,New York City,0x2319a9f4211b9d1dd8d5cfd5266eac5e2cb69ea2a70b633ea9f8deac11b4ec4d,Will the lowest temperature in New York City be between 76-77°F on August 23?,True,False,2026-08-23,2026-08-22,143.0,153.0,779.3064,,"{""Yes"": 0.01, ""No"": 0.99}","[""92331854501114406890782732486050648149419036081783782146869895416355863944794"", ""57886385134129928159238646368632554049697745251836485605418183650283651196115""]",1787410020189,,0.98,0.02,,5327.32,0.0,0.256822,
2026-08-22T14:41:55.327619+00:00,New York City,0x8b3964088dc4f5921476e0f417a6bfa6e2756659cd61871c8f5bd4145974edcc,Will the lowest temperature in New York City be 78°F or higher on August 23?,True,False,2026-08-23,2026-08-22,5.0,15.0,304.8949,,"{""Yes"": 0.02, ""No"": 0.98}","[""74868967738772559701068344511495423353799737045151713312441529878854038744890"", ""79856954817952259451687076098873020309882007444904034332054546862116276250193""]",1787410020274,,0.96,0.04,,721.79,0.0,0.311154,
2026-08-22T15:39:00.163237+00:00,New York City,0x54dcc4454625f5f1d334566744d9096a1149874f5d960db58b831a74e095b5d5,Will the lowest temperature in New York City be 59°F or below on August 22?,True,False,2026-08-22,2026-08-21,214.018,18.018,1148.92996,,"{""Yes"": 0.0005, ""No"": 0.9995}","[""22176085656247966028331551853638107537470051324335055789558369382929683210343"", ""2267978970326297723553940601314171628859636069224705401708236892850840788574""]",1787413276941,,0.999,0.001,,4149.1,0.0,0.085252,
2026-08-22T15:39:00.163276+00:00,New York City,0x4a329c3c83c03df36dfab693a263300d0681bdac863efe7f81c3271b59f75abd,Will the lowest temperature in New York City be between 60-61°F on August 22?,True,False,2026-08-22,2026-08-21,517.914,200.90399999999997,1063.55013,,"{""Yes"": 0.0015, ""No"": 0.9985}","[""57167492078919856972518558145921607569548726888853941010667963281057213184432"", ""30525319886414391606885741506677872028934770762542779414612397146283819035961""]",1787413314808,0.001,0.998,0.002,0.999,5731.97,11.89,0.095904,
2026-08-22T15:39:00.163294+00:00,New York City,0xef097895a83907dbe3ec3e8d22545bffb5ac4b592dd6170a6eee80ca9cc293bb,Will the lowest temperature in New York City be between 62-63°F on August 22?,True,False,2026-08-22,2026-08-21,358.357665,309.157665,797.6215,,"{""Yes"": 0.0045, ""No"": 0.9955}","[""45681626258458280676213473424882847719722052069172846841022502505853622627439"", ""80011524950630074551789238568474286480241672837405698472638837569921200162148""]",1787413450207,0.003,0.996,0.004,0.997,5755.86,93.79,0.128519,
2026-08-22T15:39:00.163313+00:00,New York City,0x002fc34dd896077b110da622105033345a005b0acb6bd69b0822b3737cb65ddd,Will the lowest temperature in New York City be between 64-65°F on August 22?,True,False,2026-08-22,2026-08-21,677.0456999999999,640.0031499999999,118.5328,,"{""Yes"": 0.02, ""No"": 0.98}","[""63773393739221834104651676663344121685573450563857634042856283335549537102653"", ""88033838603680297674698215778109359526350169078051715115814074079069409687995""]",1787413381303,0.01,0.96,0.04,0.99,194.45,129.19,0.549753,0.99
2026-08-22T15:39:00.163330+00:00,New York City,0xfab18e113307d1f42049c66a1a92ace3e327dd10c09d0c19144bd71783463364,Will the lowest temperature in New York City be between 66-67°F on August 22?,True,False,2026-08-22,2026-08-21,445.67393300000003,355.437766,65.6744,,"{""Yes"": 0.04, ""No"": 0.96}","[""92163698769008901414801228646341607937236816654571095417680419783334040742305"", ""79147634621270984375661486233617478153672859175960026083035358069964394312020""]",1787413347398,0.03,0.92,0.08,0.97,175.01,346.42,0.540155,0.97
2026-08-22T15:39:00.163346+00:00,New York City,0x5dbe4930a2d69c3974d78c6f145e0ae7aef0afe859945440962589545d15c27e,Will the lowest temperature in New York City be between 68-69°F on August 22?,True,False,2026-08-22,2026-08-21,1188.666778,1111.902496,89.939,,"{""Yes"": 0.075, ""No"": 0.925}","[""102161550546141171718592932188454213460635585161963173365335629871525879686627"", ""62248823643995751731227370875463031992607697617523717400611442648094026925537""]",1787413441777,0.07,0.91,0.09,0.93,319.92,1396.05,0.577822,0.944935
2026-08-22T15:39:00.163362+00:00,New York City,0xeb9437a98c93f75d5cfd1ba36ad11563996c7b48b7722457978ebe12cbea60f3,Will the lowest temperature in New York City be between 70-71°F on August 22?,True,False,2026-08-22,2026-08-21,913.569229,829.589768,324.769,,"{""Yes"": 0.895, ""No"": 0.105}","[""90335072572473530532445096481344729704494866468199046823791889372819977574128"", ""83090340422046528949177736108663528002668483123667297806592548039819000596025""]",1787413370843,0.89,0.1,0.9,0.11,1221.41,3443.33,0.916256,0.33178
2026-08-22T15:39:00.163377+00:00,New York City,0xbde966425cdd788bd024982a5ee0e119a159c88c0443add283d42df0a493c31b,Will the lowest temperature in New York City be between 72-73°F on August 22?,True,False,2026-08-22,2026-08-21,991.2412,953.8412,21047.00686,,"{""Yes"": 0.0005, ""No"": 0.9995}","[""77348581478469193025373299675539767896079436532791539162461001183884931566275"", ""25718091385299197858687993541357133666433211818732057358057946891320711386520""]",1787413276966,,0.999,0.001,,4241.41,0.0,0.004747,
2026-08-22T15:39:00.163393+00:00,New York City,0xba96e05af67328c367c660e00a49e84879175db0aa8dda26078624372a685c2e,Will the lowest temperature in New York City be between 74-75°F on August 22?,True,False,2026-08-22,2026-08-21,446.08000000000004,145.04000000000002,21034.36932,,"{""Yes"": 0.0005, ""No"": 0.9995}","[""19535018881362563194304737615410708838997688466633096387809969256217446161129"", ""39876616032408383185314067220007911162055542005557097175729260358462038899765""]",1787413387341,,0.999,0.001,,4206.45,0.0,0.00475,
2026-08-22T15:39:00.163408+00:00,New York City,0xc24073a4e63982d8ed1b569ff89ce337c1e6c14e14e3546affbea9d617643e75,Will the lowest temperature in New York City be between 76-77°F on August 22?,True,False,2026-08-22,2026-08-21,184.0,0.0,21928.06011,,"{""Yes"": 0.0005, ""No"": 0.9995}","[""86814143036964066695108823197756480372562391896588142422103788090182359176122"", ""66590717440993268935187443317507451587097336853789459429433486685779409405047""]",1787413307765,,0.999,0.001,,4190.24,0.0,0.004556,
2026-08-22T15:39:00.163422+00:00,New York City,0x4115b736021acabd1cb943facdc67ba9d7266368233e8580fdd802562333a36e,Will the lowest temperature in New York City be 78°F or higher on August 22?,True,False,2026-08-22,2026-08-21,174.0,0.0,22224.71974,,"{""Yes"": 0.0005, ""No"": 0.9995}","[""82225531464765892409447886498262082024313588109407190388031720876269319106258"", ""74548726440436727656651188714024117760858455945047034132131889162404588900475""]",1787413277064,,0.999,0.001,,4193.9,0.0,0.004496,
2026-08-22T15:39:00.163438+00:00,New York City,0x60e023fc412734dce63432c5e2ec69e609eeb7b86a96351577591431753b5fb5,Will the highest temperature in New York City be 67°F or below on August 22?,True,False,2026-08-22,2026-08-21,7491.437,5000.0,42597.10718,,"{""Yes"": 0.0005, ""No"": 0.9995}","[""58968776578131649117981021315210454022108642050324490888229625074165333799511"", ""41292985683615773710167809043078841084013491213403163839637002881120847403486""]",1787413452459,,0.999,0.001,,4402.34,0.0,0.002353,
2026-08-22T15:39:00.163455+00:00,New York City,0x942d5d8929fcffed966774106f730d780db56b5115c2393001dfaffb7183083a,Will the highest temperature in New York City be between 68-69°F on August 22?,True,False,2026-08-22,2026-08-21,6659.632200000001,4692.201999999999,44765.26447,,"{""Yes"": 0.0005, ""No"": 0.9995}","[""84961300753189087718453506028435441023757547801371175621706860012430249562729"", ""28516945579299192627698888404531229365159323903892974075223308204806776744087""]",1787413451165,,0.999,0.001,,9244.3,0.0,0.002241,
2026-08-22T15:39:00.163466+00:00,New York City,0x25ce1b7b7387148c413ee3f291856179ed1cc51904837697c67a656f5f7c6550,Will the highest temperature in New York City be between 70-71°F on August 22?,True,False,2026-08-22,2026-08-21,28829.699365,28674.298794,31661.34052,,"{""Yes"": 0.0005, ""No"": 0.9995}","[""98445577116205349494970594520006863753161724146388949535409280517965398256379"", ""52252001268139384492752364493136390733312855094828301203114436930170445408996""]",1787413328237,,0.999,0.001,,9447.01,0.0,0.003176,
2026-08-22T15:39:00.163477+00:00,New York City,0xe2d07c37d90dc585543f6a8eb8f35a6d773d9f66f5755a29f3e79d294cdede19,Will the highest temperature in New York City be between 72-73°F on August 22?,True,False,2026-08-22,2026-08-21,15384.091954999998,14914.305379000009,642.2669,,"{""Yes"": 0.025, ""No"": 0.975}","[""114220303114617076912409921892040505656619131332387439130287480860707576745909"", ""13236288524812527820040865773156239659533617217184028146960115964622087322138""]",1787413416605,0.02,0.97,0.03,0.98,7176.12,1231.27,0.196898,0.98
2026-08-22T15:39:00.163487+00:00,New York City,0x6727f7f15d2b8ea1f006316669329f60dd0ab606804001e1dbca2dbd9b2dfa5c,Will the highest temperature in New York City be between 74-75°F on August 22?,True,False,2026-08-22,2026-08-21,10209.286712999996,8444.122823999996,337.7735,,"{""Yes"": 0.315, ""No"": 0.685}","[""90081247998737697857319215891369197249427667829382780475732070333954048890030"", ""58103310499352188449263875038377397364480312690044039250975224628229161783444""]",1787413455063,0.35,0.57,0.43,0.65,4336.1,1315.24,0.525291,0.721849
2026-08-22T15:39:00.163498+00:00,New York City,0x7006795b6e514c73ff43ff60ef2a19cff95a577e95beda17cd301995695383d7,Will the highest temperature in New York City be between 76-77°F on August 22?,True,False,2026-08-22,2026-08-21,6972.332676999999,6515.316803000001,332.6227,,"{""Yes"": 0.495, ""No"": 0.505}","[""51395141563796878258814105826509377342667166367686163704949255870609779201923"", ""50000293278698818965769428661779246637782788825829140395290118342754901858104""]",1787413455240,0.45,0.47,0.53,0.55,3451.33,705.81,0.597018,0.705951
2026-08-22T15:39:00.163509+00:00,New York City,0x6e378c63553894bcef76fcec43468bcb44381ebd38714f4d422fc812d9861364,Will the highest temperature in New York City be between 78-79°F on August 22?,True,False,2026-08-22,2026-08-21,8385.092305999999,7942.021908000001,295.2826,,"{""Yes"": 0.2, ""No"": 0.8}","[""83791725590918781771172010388732187290846129006883104378432893557012227941485"", ""10888944644112166978679204926526714075321060019023309634645096996066942947028""]",1787413455014,0.1,0.83,0.17,0.9,3293.45,609.63,0.388053,0.91242
2026-08-22T15:39:00.163520+00:00,New York City,0x258d8e49414b645925e1525e4731d67f4121e13158a22078c77e935fa828776a,Will the highest temperature in New York City be between 80-81°F on August 22?,True,False,2026-08-22,2026-08-21,6275.219419999999,5479.202937999999,1033.34481,,"{""Yes"": 0.009, ""No"": 0.991}","[""81398495580226134126340144488134510473693886599282393729088984636977861277750"", ""101162327800347123206682925721698241104250753673368978572687582424157202081976""]",1787413328261,0.005,0.987,0.013,0.995,11859.18,3331.53,0.112459,0.995
2026-08-22T15:39:00.163530+00:00,New York City,0xe73b08187095283569e9a87dd424921002c74bcd681135800db6930184f116df,Will the highest temperature in New York City be between 82-83°F on August 22?,True,False,2026-08-22,2026-08-21,2691.847248,2590.597248,1617.35288,,"{""Yes"": 0.0015, ""No"": 0.9985}","[""91237721705643528495040541693062976800336043664250418638214660931067071210350"", ""75202635143193836646670253443450412825867995093768447209082447765313777913441""]",1787413328265,0.001,0.998,0.002,0.999,11649.24,2.12,0.067543,
2026-08-22T15:39:00.163541+00:00,New York City,0xa416a8b75e923ab23c6ad6babfc8a5da546c916c38a0bd86b062a5014a9b8cb4,Will the highest temperature in New York City be between 84-85°F on August 22?,True,False,2026-08-22,2026-08-21,1628.1295209999998,1152.143521,2229.87026,,"{""Yes"": 0.0005, ""No"": 0.9995}","[""32360688754587735790786636279225748224694138602650279984483573554774374694175"", ""26482122304855412186853138691363032087124653199807408125248748200267488038488""]",1787413328267,,0.999,0.001,,9223.9,0.0,0.047351,
2026-08-22T15:39:00.163551+00:00,New York City,0x9ab60f8814fed31200b36bd471d321d08231ab90b7ba3374f33ffb27b937d95d,Will the highest temperature in New York City be 86°F or higher on August 22?,True,False,2026-08-22,2026-08-21,485.74100000000004,103.75,2637.10412,,"{""Yes"": 0.0005, ""No"": 0.9995}","[""90802258199338684283763723709032693428714550902326081212921238210093757590330"", ""33198940399963249879376800329359855327762908607906799967233256383860226344780""]",1787413451163,,0.999,0.001,,4326.81,0.0,0.038428,
2026-08-22T15:39:00.163561+00:00,New York City,0xc9036371f91975f3035eaef6b8a90505300d2ed6c381e5a091f34e6f525b6c30,Will the highest temperature in New York City be 73°F or below on August 23?,True,False,2026-08-23,2026-08-22,272.2425,282.2425,2501.32383,,"{""Yes"": 0.004, ""No"": 0.996}","[""10501517808396503559679062613105280076493552725081490906123917029764933569068"", ""16539930148426566991001386772640020336886809696306294033523665045132545318797""]",1787413452056,0.001,0.993,0.007,0.999,9168.42,316.04,0.069262,0.999
2026-08-22T15:39:00.163574+00:00,New York City,0xfdd31b8352a5c8771b662fcdb464c773cc1d11bf974e659cb70f9ffa69f1d971,Will the highest temperature in New York City be between 74-75°F on August 23?,True,False,2026-08-23,2026-08-22,183.74599999999998,193.746,2661.28966,,"{""Yes"": 0.0045, ""No"": 0.9955}","[""112593911214148767251997447162048098507025776011516821062683980433117487587204"", ""28774677088252630300905164900322307897288593922313256849914430510520303670187""]",1787413452184,0.001,0.992,0.008,0.999,21823.42,107.27,0.101426,0.999
2026-08-22T15:39:00.163585+00:00,New York City,0xdff8dcf4bbc37881731bc3cd7d4ac6c9ebcadc43d2cc04451ca6d50700567d34,Will the highest temperature in New York City be between 76-77°F on August 23?,True,False,2026-08-23,2026-08-22,1124.527644,1134.527644,5174.35746,,"{""Yes"": 0.013, ""No"": 0.987}","[""62829073598251019513915763061620999817960159076895788159212448057654320897962"", ""84041388028731725957829593393523520675880853212883236770194889568065753948580""]",1787413454855,0.007,0.981,0.019,0.993,42609.72,2096.69,0.063958,0.993
2026-08-22T15:39:00.163595+00:00,New York City,0x16a2264e070d745d1181c9892bf39e12b9dcb300f521ef75e8715327e48f5429,Will the highest temperature in New York City be between 78-79°F on August 23?,True,False,2026-08-23,2026-08-22,442.25234100000006,454.442341,2288.9076,,"{""Yes"": 0.075, ""No"": 0.925}","[""99008833481370731920855473787773616780163563011492750734789352629703483318767"", ""44828389890422355055512282211707089824388453115742352625652849918528510892634""]",1787413442197,0.07,0.92,0.08,0.93,18378.32,6026.16,0.14923,0.93
2026-08-22T15:39:00.163605+00:00,New York City,0x96643f2898239f932349a05ae7f2c35559619ffb85c5392bb409397a2033da2a,Will the highest temperature in New York City be between 80-81°F on August 23?,True,False,2026-08-23,2026-08-22,1047.633155,1057.6331549999998,3769.4847,,"{""Yes"": 0.265, ""No"": 0.735}","[""38471214694170037984973568648626321853290574777070945187168512580638224047691"", ""57259393671183172582735310615165731463003209662048889377423041072317121773930""]",1787413444753,0.27,0.71,0.29,0.73,20595.5,6870.86,0.302267,0.73
2026-08-22T15:39:00.163616+00:00,New York City,0xb7ac66dbfe44ae9a9bc7aba9774d8f06cfd2d777155025993654263adf78ac13,Will the highest temperature in New York City be between 82-83°F on August 23?,True,False,2026-08-23,2026-08-22,932.7308039999999,950.2208039999998,3361.3553,,"{""Yes"": 0.475, ""No"": 0.525}","[""38902169854652465630947854107317854773848010553570595835561074295476091954219"", ""6880128462746070135371935773408905637598101683104843419847437315115438647321""]",1787413452304,0.47,0.52,0.48,0.53,16317.71,5647.59,0.480144,0.53
2026-08-22T15:39:00.163626+00:00,New York City,0x714f5f1a3a9e8549a6390de8ee6faf63d888a3ab2954cea29c21c8cf4d3ea803,Will the highest temperature in New York City be between 84-85°F on August 23?,True,False,2026-08-23,2026-08-22,1120.677205,1156.6772049999997,4040.5332,,"{""Yes"": 0.14, ""No"": 0.86}","[""17038710002793063990392478273767776431217094462603108901566464212730505441264"", ""53289516700889681580133774628163618738689195710639848372945100123825138670438""]",1787413452061,0.12,0.85,0.15,0.88,20055.95,5587.32,0.173746,0.88
2026-08-22T15:39:00.163637+00:00,New York City,0xc61a4545e137bab8119d71e25184238450e011383cb9906667c8562762ae56ea,Will the highest temperature in New York City be between 86-87°F on August 23?,True,False,2026-08-23,2026-08-22,243.60365,253.60365000000002,2408.456,,"{""Yes"": 0.025, ""No"": 0.975}","[""103608175012448499910775714089032094918845576128750358412668580846019845532387"", ""113385366596592597814917790331990980266455298839766004097226405663918192965083""]",1787413454812,0.02,0.97,0.03,0.98,18143.69,344.29,0.113489,0.983467
2026-08-22T15:39:00.163662+00:00,New York City,0x97eeb6e6a72cb792b68e9a9454aa7c3f7e74746393900643b3b162547a587c95,Will the highest temperature in New York City be between 88-89°F on August 23?,True,False,2026-08-23,2026-08-22,124.61,134.61,2990.49428,,"{""Yes"": 0.0125, ""No"": 0.9875}","[""114838494395643787940169365281062314792066024869237367327695044887469706733593"", ""109900369320075389007190344200979532199724927951718771892516491750534698347746""]",1787413442199,0.006,0.981,0.019,0.994,21074.04,2325.55,0.093273,0.994403
2026-08-22T15:39:00.163671+00:00,New York City,0xb33ea35df7e20788eb863a8913b0d04ebd7c0d900d6b54ca5b7264b41280b06d,Will the highest temperature in New York City be between 90-91°F on August 23?,True,False,2026-08-23,2026-08-22,134.5985,144.5985,2794.93807,,"{""Yes"": 0.003, ""No"": 0.997}","[""56081030867967291153857547461153886031899854227951226713971332403073818045533"", ""12246287985759348649967848152152215415064867795192738483400415644170095101704""]",1787413442193,0.002,0.996,0.004,0.998,21898.58,149.15,0.086397,0.998
2026-08-22T15:39:00.163680+00:00,New York City,0xd81e24363e9032f71e4b3bcc6172b8658d30cae6ca793521e6aedae693d44443,Will the highest temperature in New York City be 92°F or higher on August 23?,True,False,2026-08-23,2026-08-22,247.62349999999998,257.6235,4390.68548,,"{""Yes"": 0.003, ""No"": 0.997}","[""96059710701050699345409109008774733443452819159964144536091672091931640669656"", ""82164490970881232273561758214562714222586308963935020439603047630558572723413""]",1787413444818,0.002,0.996,0.004,0.998,7948.0,315.54,0.040503,0.998
2026-08-22T15:39:00.163690+00:00,New York City,0xf54c033197acc057350bcb3f6d5f2feda7c8bb850920f008479e6a05f8d97801,Will the lowest temperature in New York City be 59°F or below on August 23?,True,False,2026-08-23,2026-08-22,10.0,15.0,1815.42926,,"{""Yes"": 0.009, ""No"": 0.991}","[""41913461189028344507895252785216841444603178472297165560331836124148706365467"", ""91015721423101112190959656039967433816753262625439181065136100173982143003079""]",1787413439300,0.002,0.984,0.016,0.998,2257.88,119.87,0.090454,0.9989
2026-08-22T15:39:00.163699+00:00,New York City,0x5a980885aaeebbaa301e96b374d8848428ed688d9ad421fec2e0403206880bda,Will the lowest temperature in New York City be between 60-61°F on August 23?,True,False,2026-08-23,2026-08-22,10.0,15.0,1974.06445,,"{""Yes"": 0.009, ""No"": 0.991}","[""34708389771261436513875651680918471994008182689217040058196582123745422313544"", ""92148277642001454670628007038423530304847052222229790925054881143767927985130""]",1787413415184,0.002,0.982,0.018,0.998,5773.5,285.54,0.089184,0.998
2026-08-22T15:39:00.163708+00:00,New York City,0x6191fa410034adab4ec97add27d9dafd007900dbca4e2c3cb7acb9e6228127ad,Will the lowest temperature in New York City be between 62-63°F on August 23?,True,False,2026-08-23,2026-08-22,15.0,15.0,435.6764,,"{""Yes"": 0.01, ""No"": 0.99}","[""25571084448407965069777688199749495797456120322699899958504451972139602637736"", ""111247815246430826017067494082678694522123993199889962038977612676826346203282""]",1787413317378,,0.92,0.08,,3184.22,0.0,0.314729,
2026-08-22T15:39:00.163717+00:00,New York City,0xc98a211856bd6009ae6611104676cf119438cfb7092fce98bea36542ce3fa49d,Will the lowest temperature in New York City be between 64-65°F on August 23?,True,False,2026-08-23,2026-08-22,77.989125,77.989125,375.6342,,"{""Yes"": 0.055, ""No"": 0.945}","[""81814558559019248028254087088241572223430133435721336539678062917305548908416"", ""26049116177937411211761011915147615512055879083869278830198611672766524328465""]",1787413283659,0.02,0.91,0.09,0.98,3244.32,199.49,0.37432,0.985173
2026-08-22T15:39:00.163726+00:00,New York City,0x07546d5d4dc1731b628ae465ff0c3c8b9569d00865a0b98ebb37c3796b541924,Will the lowest temperature in New York City be between 66-67°F on August 23?,True,False,2026-08-23,2026-08-22,25.22222,25.22222,399.179,,"{""Yes"": 0.12, ""No"": 0.88}","[""27741605023909144744600208994630187557025032271603385158433763556840509191923"", ""32313089525816244992767397782013546351091861012806371928399928016639714626131""]",1787413446866,0.1,0.85,0.15,0.9,3257.13,1567.25,0.368061,0.914702
2026-08-22T15:39:00.163735+00:00,New York City,0x5f831087882c112ea8a710483b9fac76def107d07363d55b3cd8f02ad60cb784,Will the lowest temperature in New York City be between 68-69°F on August 23?,True,False,2026-08-23,2026-08-22,31.709676,31.709676,267.3968,,"{""Yes"": 0.275, ""No"": 0.725}","[""62731327394872024260018077248079612250729736322196134319497499153154357694890"", ""77942760536036459065628831918667521873575363585765768263676138781889777487108""]",1787413447074,0.25,0.53,0.47,0.75,3222.14,2084.64,0.537351,0.816978
2026-08-22T15:39:00.163744+00:00,New York City,0x6e41bc702e225ebee2ef744e36575b0beb00cae5f8d7c4965a6839b908a7bbef,Will the lowest temperature in New York City be between 70-71°F on August 23?,True,False,2026-08-23,2026-08-22,56.72849000000001,56.72849,353.9608,,"{""Yes"": 0.445, ""No"": 0.555}","[""97929326759611566086045398151294653654679302920327882000632632383469767154285"", ""94968669357615007409266742991227210201417230062690320900279905223637984197950""]",1787413447316,0.44,0.55,0.45,0.56,3340.14,2033.73,0.527972,0.788864
2026-08-22T15:39:00.163754+00:00,New York City,0x3c1bffbc72d1170a3c402357bf013b8823d3900c49c8b37eb63b240e397a5373,Will the lowest temperature in New York City be between 72-73°F on August 23?,True,False,2026-08-23,2026-08-22,47.285014000000004,47.285014000000004,331.9182,,"{""Yes"": 0.175, ""No"": 0.825}","[""31445166572879133259435842922747699234629564073372047282691875686213207469126"", ""98981965662187048906475461859543917805124754119113895151772985911396791238194""]",1787413283495,0.17,0.81,0.19,0.83,3080.82,684.64,0.421399,0.83
2026-08-22T15:39:00.163763+00:00,New York City,0x97dfd04eae5361848b9caf0e379b837a8037b6404039ad37323a971d58f098e4,Will the lowest temperature in New York City be between 74-75°F on August 23?,True,False,2026-08-23,2026-08-22,65.571427,75.571427,381.6197,,"{""Yes"": 0.025, ""No"": 0.975}","[""41714088549412194627884398821390833657416130732117532517431298221072732288703"", ""62842949275880786458820919355393417558406061876802088275856269429081131191378""]",1787413283661,0.02,0.97,0.03,0.98,3217.14,136.42,0.35683,0.988024
2026-08-22T15:39:00.163772+00:00,New York City,0x2319a9f4211b9d1dd8d5cfd5266eac5e2cb69ea2a70b633ea9f8deac11b4ec4d,Will the lowest temperature in New York City be between 76-77°F on August 23?,True,False,2026-08-23,2026-08-22,143.0,153.0,792.9123,,"{""Yes"": 0.01, ""No"": 0.99}","[""92331854501114406890782732486050648149419036081783782146869895416355863944794"", ""57886385134129928159238646368632554049697745251836485605418183650283651196115""]",1787413415246,,0.98,0.02,,5400.79,0.0,0.252377,
2026-08-22T15:39:00.163781+00:00,New York City,0x8b3964088dc4f5921476e0f417a6bfa6e2756659cd61871c8f5bd4145974edcc,Will the lowest temperature in New York City be 78°F or higher on August 23?,True,False,2026-08-23,2026-08-22,5.0,15.0,320.8167,,"{""Yes"": 0.02, ""No"": 0.98}","[""74868967738772559701068344511495423353799737045151713312441529878854038744890"", ""79856954817952259451687076098873020309882007444904034332054546862116276250193""]",1787413393308,,0.96,0.04,,861.54,0.0,0.299887,
2026-08-22T16:44:44.478762+00:00,New York City,0x54dcc4454625f5f1d334566744d9096a1149874f5d960db58b831a74e095b5d5,Will the lowest temperature in New York City be 59°F or below on August 22?,True,False,2026-08-22,2026-08-21,214.018,18.018,1093.39076,,"{""Yes"": 0.0005, ""No"": 0.9995}","[""22176085656247966028331551853638107537470051324335055789558369382929683210343"", ""2267978970326297723553940601314171628859636069224705401708236892850840788574""]",1787417461000,,0.999,0.001,,4140.83,0.0,0.09046,
2026-08-22T16:44:44.478806+00:00,New York City,0x4a329c3c83c03df36dfab693a263300d0681bdac863efe7f81c3271b59f75abd,Will the lowest temperature in New York City be between 60-61°F on August 22?,True,False,2026-08-22,2026-08-21,527.114,210.10399999999996,988.09093,,"{""Yes"": 0.0015, ""No"": 0.9985}","[""57167492078919856972518558145921607569548726888853941010667963281057213184432"", ""30525319886414391606885741506677872028934770762542779414612397146283819035961""]",1787417461000,0.001,0.998,0.002,0.999,5738.42,11.89,0.103725,
2026-08-22T16:44:44.478834+00:00,New York City,0xef097895a83907dbe3ec3e8d22545bffb5ac4b592dd6170a6eee80ca9cc293bb,Will the lowest temperature in New York City be between 62-63°F on August 22?,True,False,2026-08-22,2026-08-21,368.88766499999997,319.687665,807.00333,,"{""Yes"": 0.0025, ""No"": 0.9975}","[""45681626258458280676213473424882847719722052069172846841022502505853622627439"", ""80011524950630074551789238568474286480241672837405698472638837569921200162148""]",1787417461001,0.001,0.996,0.004,0.999,5763.21,92.47,0.128186,
2026-08-22T16:44:44.478861+00:00,New York City,0x002fc34dd896077b110da622105033345a005b0acb6bd69b0822b3737cb65ddd,Will the lowest temperature in New York City be between 64-65°F on August 22?,True,False,2026-08-22,2026-08-21,756.5324999999999,719.48995,147.2432,,"{""Yes"": 0.015, ""No"": 0.985}","[""63773393739221834104651676663344121685573450563857634042856283335549537102653"", ""88033838603680297674698215778109359526350169078051715115814074079069409687995""]",1787417461000,0.01,0.98,0.02,0.99,2928.89,63.13,0.272346,
2026-08-22T16:44:44.478885+00:00,New York City,0xfab18e113307d1f42049c66a1a92ace3e327dd10c09d0c19144bd71783463364,Will the lowest temperature in New York City be between 66-67°F on August 22?,True,False,2026-08-22,2026-08-21,458.473933,368.237766,347.7088,,"{""Yes"": 0.04, ""No"": 0.96}","[""92163698769008901414801228646341607937236816654571095417680419783334040742305"", ""79147634621270984375661486233617478153672859175960026083035358069964394312020""]",1787417461000,0.03,0.95,0.05,0.97,185.43,339.3,0.3358,0.97
2026-08-22T16:44:44.478907+00:00,New York City,0x5dbe4930a2d69c3974d78c6f145e0ae7aef0afe859945440962589545d15c27e,Will the lowest temperature in New York City be between 68-69°F on August 22?,True,False,2026-08-22,2026-08-21,1214.6667779999998,1129.270919,236.7948,,"{""Yes"": 0.075, ""No"": 0.925}","[""102161550546141171718592932188454213460635585161963173365335629871525879686627"", ""62248823643995751731227370875463031992607697617523717400611442648094026925537""]",1787417461001,0.07,0.92,0.08,0.93,3159.71,610.75,0.266166,0.933762
2026-08-22T16:44:44.478925+00:00,New York City,0xeb9437a98c93f75d5cfd1ba36ad11563996c7b48b7722457978ebe12cbea60f3,Will the lowest temperature in New York City be between 70-71°F on August 22?,True,False,2026-08-22,2026-08-21,1148.191449,1061.482262,632.9913,,"{""Yes"": 0.895, ""No"": 0.105}","[""90335072572473530532445096481344729704494866468199046823791889372819977574128"", ""83090340422046528949177736108663528002668483123667297806592548039819000596025""]",1787417467773,0.89,0.1,0.9,0.11,720.74,3681.19,0.9,0.160397
2026-08-22T16:44:44.478944+00:00,New York City,0xbde966425cdd788bd024982a5ee0e119a159c88c0443add283d42df0a493c31b,Will the lowest temperature in New York City be between 72-73°F on August 22?,True,False,2026-08-22,2026-08-21,991.2412,953.8412,20589.33556,,"{""Yes"": 0.0005, ""No"": 0.9995}","[""77348581478469193025373299675539767896079436532791539162461001183884931566275"", ""25718091385299197858687993541357133666433211818732057358057946891320711386520""]",1787415663490,,0.999,0.001,,4210.37,0.0,0.004854,
2026-08-22T16:44:44.478962+00:00,New York City,0xba96e05af67328c367c660e00a49e84879175db0aa8dda26078624372a685c2e,Will the lowest temperature in New York City be between 74-75°F on August 22?,True,False,2026-08-22,2026-08-21,446.08,145.04000000000002,20446.4403,,"{""Yes"": 0.0005, ""No"": 0.9995}","[""19535018881362563194304737615410708838997688466633096387809969256217446161129"", ""39876616032408383185314067220007911162055542005557097175729260358462038899765""]",1787417257767,,0.999,0.001,,4227.0,0.0,0.004888,
2026-08-22T16:44:44.478979+00:00,New York City,0xc24073a4e63982d8ed1b569ff89ce337c1e6c14e14e3546affbea9d617643e75,Will the lowest temperature in New York City be between 76-77°F on August 22?,True,False,2026-08-22,2026-08-21,184.0,0.0,21274.96094,,"{""Yes"": 0.0005, ""No"": 0.9995}","[""86814143036964066695108823197756480372562391896588142422103788090182359176122"", ""66590717440993268935187443317507451587097336853789459429433486685779409405047""]",1787417127776,,0.999,0.001,,4174.05,0.0,0.004697,
2026-08-22T16:44:44.478997+00:00,New York City,0x4115b736021acabd1cb943facdc67ba9d7266368233e8580fdd802562333a36e,Will the lowest temperature in New York City be 78°F or higher on August 22?,True,False,2026-08-22,2026-08-21,174.0,0.0,21571.76028,,"{""Yes"": 0.0005, ""No"": 0.9995}","[""82225531464765892409447886498262082024313588109407190388031720876269319106258"", ""74548726440436727656651188714024117760858455945047034132131889162404588900475""]",1787417077768,,0.999,0.001,,4188.84,0.0,0.004634,
2026-08-22T16:44:44.479014+00:00,New York City,0x60e023fc412734dce63432c5e2ec69e609eeb7b86a96351577591431753b5fb5,Will the highest temperature in New York City be 67°F or below on August 22?,True,False,2026-08-22,2026-08-21,7491.437,5000.0,42053.26685,,"{""Yes"": 0.0005, ""No"": 0.9995}","[""58968776578131649117981021315210454022108642050324490888229625074165333799511"", ""41292985683615773710167809043078841084013491213403163839637002881120847403486""]",1787417472018,,0.999,0.001,,4400.08,0.0,0.002384,
2026-08-22T16:44:44.479032+00:00,New York City,0x942d5d8929fcffed966774106f730d780db56b5115c2393001dfaffb7183083a,Will the highest temperature in New York City be between 68-69°F on August 22?,True,False,2026-08-22,2026-08-21,6659.6322,4605.201999999999,44158.65266,,"{""Yes"": 0.0005, ""No"": 0.9995}","[""84961300753189087718453506028435441023757547801371175621706860012430249562729"", ""28516945579299192627698888404531229365159323903892974075223308204806776744087""]",1787415804569,,0.999,0.001,,7758.91,0.0,0.00227,
2026-08-22T16:44:44.479049+00:00,New York City,0x25ce1b7b7387148c413ee3f291856179ed1cc51904837697c67a656f5f7c6550,Will the highest temperature in New York City be between 70-71°F on August 22?,True,False,2026-08-22,2026-08-21,28829.699364999993,28516.358794000003,37951.78066,,"{""Yes"": 0.0005, ""No"": 0.9995}","[""98445577116205349494970594520006863753161724146388949535409280517965398256379"", ""52252001268139384492752364493136390733312855094828301203114436930170445408996""]",1787417165827,,0.999,0.001,,7453.71,0.0,0.00265,
2026-08-22T16:44:44.479066+00:00,New York City,0xe2d07c37d90dc585543f6a8eb8f35a6d773d9f66f5755a29f3e79d294cdede19,Will the highest temperature in New York City be between 72-73°F on August 22?,True,False,2026-08-22,2026-08-21,15826.712354999998,15196.985779000004,790.7979,,"{""Yes"": 0.025, ""No"": 0.975}","[""114220303114617076912409921892040505656619131332387439130287480860707576745909"", ""13236288524812527820040865773156239659533617217184028146960115964622087322138""]",1787417466837,0.02,0.95,0.05,0.98,4270.47,1074.89,0.187919,0.98
2026-08-22T16:44:44.479082+00:00,New York City,0x6727f7f15d2b8ea1f006316669329f60dd0ab606804001e1dbca2dbd9b2dfa5c,Will the highest temperature in New York City be between 74-75°F on August 22?,True,False,2026-08-22,2026-08-21,10410.163764,7937.5882999999985,439.7273,,"{""Yes"": 0.345, ""No"": 0.655}","[""90081247998737697857319215891369197249427667829382780475732070333954048890030"", ""58103310499352188449263875038377397364480312690044039250975224628229161783444""]",1787417465927,0.34,0.62,0.38,0.66,1620.71,1354.95,0.490545,0.669665
2026-08-22T16:44:44.479099+00:00,New York City,0x7006795b6e514c73ff43ff60ef2a19cff95a577e95beda17cd301995695383d7,Will the highest temperature in New York City be between 76-77°F on August 22?,True,False,2026-08-22,2026-08-21,7495.949769000001,6440.8470910000015,534.9211,,"{""Yes"": 0.56, ""No"": 0.44}","[""51395141563796878258814105826509377342667166367686163704949255870609779201923"", ""50000293278698818965769428661779246637782788825829140395290118342754901858104""]",1787417471159,0.54,0.42,0.58,0.46,1798.79,966.12,0.586838,0.479452
2026-08-22T16:44:44.479115+00:00,New York City,0x6e378c63553894bcef76fcec43468bcb44381ebd38714f4d422fc812d9861364,Will the highest temperature in New York City be between 78-79°F on August 22?,True,False,2026-08-22,2026-08-21,8623.862544000001,7987.121554999999,399.9173,,"{""Yes"": 0.095, ""No"": 0.905}","[""83791725590918781771172010388732187290846129006883104378432893557012227941485"", ""10888944644112166978679204926526714075321060019023309634645096996066942947028""]",1787417459756,0.08,0.89,0.11,0.92,4099.56,582.68,0.292816,0.936102
2026-08-22T16:44:44.479134+00:00,New York City,0x258d8e49414b645925e1525e4731d67f4121e13158a22078c77e935fa828776a,Will the highest temperature in New York City be between 80-81°F on August 22?,True,False,2026-08-22,2026-08-21,6906.454419999998,5933.497938,1746.60044,,"{""Yes"": 0.0035, ""No"": 0.9965}","[""81398495580226134126340144488134510473693886599282393729088984636977861277750"", ""101162327800347123206682925721698241104250753673368978572687582424157202081976""]",1787416890356,0.003,0.996,0.004,0.997,9033.29,3282.39,0.061011,0.997003
2026-08-22T16:44:44.479153+00:00,New York City,0xe73b08187095283569e9a87dd424921002c74bcd681135800db6930184f116df,Will the highest temperature in New York City be between 82-83°F on August 22?,True,False,2026-08-22,2026-08-21,2692.8482489999997,2461.658249,2232.54414,,"{""Yes"": 0.0005, ""No"": 0.9995}","[""91237721705643528495040541693062976800336043664250418638214660931067071210350"", ""75202635143193836646670253443450412825867995093768447209082447765313777913441""]",1787417439348,,0.999,0.001,,9020.13,0.0,0.047716,
2026-08-22T16:44:44.479165+00:00,New York City,0xa416a8b75e923ab23c6ad6babfc8a5da546c916c38a0bd86b062a5014a9b8cb4,Will the highest temperature in New York City be between 84-85°F on August 22?,True,False,2026-08-22,2026-08-21,1628.1295209999998,1152.143521,2209.32851,,"{""Yes"": 0.0005, ""No"": 0.9995}","[""32360688754587735790786636279225748224694138602650279984483573554774374694175"", ""26482122304855412186853138691363032087124653199807408125248748200267488038488""]",1787417351256,,0.999,0.001,,7414.98,0.0,0.047356,
2026-08-22T16:44:44.479178+00:00,New York City,0x9ab60f8814fed31200b36bd471d321d08231ab90b7ba3374f33ffb27b937d95d,Will the highest temperature in New York City be 86°F or higher on August 22?,True,False,2026-08-22,2026-08-21,485.74100000000004,103.75,2577.89153,,"{""Yes"": 0.0005, ""No"": 0.9995}","[""90802258199338684283763723709032693428714550902326081212921238210093757590330"", ""33198940399963249879376800329359855327762908607906799967233256383860226344780""]",1787416210856,,0.999,0.001,,4327.04,0.0,0.038954,
2026-08-22T16:44:44.479193+00:00,New York City,0xc9036371f91975f3035eaef6b8a90505300d2ed6c381e5a091f34e6f525b6c30,Will the highest temperature in New York City be 73°F or below on August 23?,True,False,2026-08-23,2026-08-22,272.2425,282.2425,3144.81619,,"{""Yes"": 0.004, ""No"": 0.996}","[""10501517808396503559679062613105280076493552725081490906123917029764933569068"", ""16539930148426566991001386772640020336886809696306294033523665045132545318797""]",1787417464763,0.001,0.993,0.007,0.999,8998.98,316.04,0.066336,0.999
2026-08-22T16:44:44.479203+00:00,New York City,0xfdd31b8352a5c8771b662fcdb464c773cc1d11bf974e659cb70f9ffa69f1d971,Will the highest temperature in New York City be between 74-75°F on August 23?,True,False,2026-08-23,2026-08-22,183.74599999999998,193.746,3521.48325,,"{""Yes"": 0.0045, ""No"": 0.9955}","[""112593911214148767251997447162048098507025776011516821062683980433117487587204"", ""28774677088252630300905164900322307897288593922313256849914430510520303670187""]",1787417469913,0.001,0.992,0.008,0.999,21831.24,107.27,0.093744,0.999
2026-08-22T16:44:44.479213+00:00,New York City,0xdff8dcf4bbc37881731bc3cd7d4ac6c9ebcadc43d2cc04451ca6d50700567d34,Will the highest temperature in New York City be between 76-77°F on August 23?,True,False,2026-08-23,2026-08-22,1124.527644,1134.527644,6448.65132,,"{""Yes"": 0.013, ""No"": 0.987}","[""62829073598251019513915763061620999817960159076895788159212448057654320897962"", ""84041388028731725957829593393523520675880853212883236770194889568065753948580""]",1787417424949,0.007,0.981,0.019,0.993,39314.34,986.8,0.066472,0.993
2026-08-22T16:44:44.479223+00:00,New York City,0x16a2264e070d745d1181c9892bf39e12b9dcb300f521ef75e8715327e48f5429,Will the highest temperature in New York City be between 78-79°F on August 23?,True,False,2026-08-23,2026-08-22,442.25234100000006,454.442341,3173.3066,,"{""Yes"": 0.075, ""No"": 0.925}","[""99008833481370731920855473787773616780163563011492750734789352629703483318767"", ""44828389890422355055512282211707089824388453115742352625652849918528510892634""]",1787417470181,0.07,0.92,0.08,0.93,18405.61,6113.01,0.138289,0.93
2026-08-22T16:44:44.479233+00:00,New York City,0x96643f2898239f932349a05ae7f2c35559619ffb85c5392bb409397a2033da2a,Will the highest temperature in New York City be between 80-81°F on August 23?,True,False,2026-08-23,2026-08-22,1419.456857,1429.456857,4112.5628,,"{""Yes"": 0.285, ""No"": 0.715}","[""38471214694170037984973568648626321853290574777070945187168512580638224047691"", ""57259393671183172582735310615165731463003209662048889377423041072317121773930""]",1787417469917,0.28,0.71,0.29,0.72,20302.46,3604.03,0.297201,0.72
2026-08-22T16:44:44.479242+00:00,New York City,0xb7ac66dbfe44ae9a9bc7aba9774d8f06cfd2d777155025993654263adf78ac13,Will the highest temperature in New York City be between 82-83°F on August 23?,True,False,2026-08-23,2026-08-22,946.9141359999999,964.404136,4019.7613,,"{""Yes"": 0.475, ""No"": 0.525}","[""38902169854652465630947854107317854773848010553570595835561074295476091954219"", ""6880128462746070135371935773408905637598101683104843419847437315115438647321""]",1787417470089,0.47,0.52,0.48,0.53,17339.08,3726.35,0.48,0.53
2026-08-22T16:44:44.479251+00:00,New York City,0x714f5f1a3a9e8549a6390de8ee6faf63d888a3ab2954cea29c21c8cf4d3ea803,Will the highest temperature in New York City be between 84-85°F on August 23?,True,False,2026-08-23,2026-08-22,1131.022028,1167.0220279999999,4736.7841,,"{""Yes"": 0.135, ""No"": 0.865}","[""17038710002793063990392478273767776431217094462603108901566464212730505441264"", ""53289516700889681580133774628163618738689195710639848372945100123825138670438""]",1787417460036,0.13,0.85,0.15,0.87,19589.56,5338.38,0.172501,0.878682
2026-08-22T16:44:44.479260+00:00,New York City,0xc61a4545e137bab8119d71e25184238450e011383cb9906667c8562762ae56ea,Will the highest temperature in New York City be between 86-87°F on August 23?,True,False,2026-08-23,2026-08-22,243.60365,253.60365000000002,3257.5133,,"{""Yes"": 0.025, ""No"": 0.975}","[""103608175012448499910775714089032094918845576128750358412668580846019845532387"", ""113385366596592597814917790331990980266455298839766004097226405663918192965083""]",1787417470003,0.02,0.97,0.03,0.98,18618.87,344.29,0.104181,0.983467
2026-08-22T16:44:44.479270+00:00,New York City,0x97eeb6e6a72cb792b68e9a9454aa7c3f7e74746393900643b3b162547a587c95,Will the highest temperature in New York City be between 88-89°F on August 23?,True,False,2026-08-23,2026-08-22,124.61,134.61,3374.93805,,"{""Yes"": 0.0125, ""No"": 0.9875}","[""114838494395643787940169365281062314792066024869237367327695044887469706733593"", ""109900369320075389007190344200979532199724927951718771892516491750534698347746""]",1787417469934,0.006,0.981,0.019,0.994,20855.28,2325.55,0.094972,0.994403
2026-08-22T16:44:44.479280+00:00,New York City,0xb33ea35df7e20788eb863a8913b0d04ebd7c0d900d6b54ca5b7264b41280b06d,Will the highest temperature in New York City be between 90-91°F on August 23?,True,False,2026-08-23,2026-08-22,134.5985,144.5985,3654.84189,,"{""Yes"": 0.003, ""No"": 0.997}","[""56081030867967291153857547461153886031899854227951226713971332403073818045533"", ""12246287985759348649967848152152215415064867795192738483400415644170095101704""]",1787417419491,0.002,0.996,0.004,0.998,21964.35,149.15,0.08213,0.998
2026-08-22T16:44:44.479289+00:00,New York City,0xd81e24363e9032f71e4b3bcc6172b8658d30cae6ca793521e6aedae693d44443,Will the highest temperature in New York City be 92°F or higher on August 23?,True,False,2026-08-23,2026-08-22,247.62349999999998,257.6235,4224.94517,,"{""Yes"": 0.003, ""No"": 0.997}","[""96059710701050699345409109008774733443452819159964144536091672091931640669656"", ""82164490970881232273561758214562714222586308963935020439603047630558572723413""]",1787417469916,0.002,0.996,0.004,0.998,7879.13,315.54,0.045451,0.998
2026-08-22T16:44:44.479299+00:00,New York City,0xf54c033197acc057350bcb3f6d5f2feda7c8bb850920f008479e6a05f8d97801,Will the lowest temperature in New York City be 59°F or below on August 23?,True,False,2026-08-23,2026-08-22,10.0,15.0,1787.29076,,"{""Yes"": 0.009, ""No"": 0.991}","[""41913461189028344507895252785216841444603178472297165560331836124148706365467"", ""91015721423101112190959656039967433816753262625439181065136100173982143003079""]",1787417465513,0.002,0.984,0.016,0.998,1704.58,119.87,0.097145,0.9989
2026-08-22T16:44:44.479308+00:00,New York City,0x5a980885aaeebbaa301e96b374d8848428ed688d9ad421fec2e0403206880bda,Will the lowest temperature in New York City be between 60-61°F on August 23?,True,False,2026-08-23,2026-08-22,10.0,15.0,1865.38528,,"{""Yes"": 0.0105, ""No"": 0.9895}","[""34708389771261436513875651680918471994008182689217040058196582123745422313544"", ""92148277642001454670628007038423530304847052222229790925054881143767927985130""]",1787417453841,0.002,0.984,0.016,0.998,3664.93,285.54,0.092226,0.998
2026-08-22T16:44:44.479318+00:00,New York City,0x6191fa410034adab4ec97add27d9dafd007900dbca4e2c3cb7acb9e6228127ad,Will the lowest temperature in New York City be between 62-63°F on August 23?,True,False,2026-08-23,2026-08-22,15.0,15.0,404.9569,,"{""Yes"": 0.04, ""No"": 0.96}","[""25571084448407965069777688199749495797456120322699899958504451972139602637736"", ""111247815246430826017067494082678694522123993199889962038977612676826346203282""]",1787417453839,,0.92,0.08,,1177.51,0.0,0.323021,
2026-08-22T16:44:44.479328+00:00,New York City,0xc98a211856bd6009ae6611104676cf119438cfb7092fce98bea36542ce3fa49d,Will the lowest temperature in New York City be between 64-65°F on August 23?,True,False,2026-08-23,2026-08-22,77.989125,77.989125,355.3542,,"{""Yes"": 0.055, ""No"": 0.945}","[""81814558559019248028254087088241572223430133435721336539678062917305548908416"", ""26049116177937411211761011915147615512055879083869278830198611672766524328465""]",1787417453841,0.02,0.91,0.09,0.98,1247.17,199.49,0.346262,0.985173
2026-08-22T16:44:44.479338+00:00,New York City,0x07546d5d4dc1731b628ae465ff0c3c8b9569d00865a0b98ebb37c3796b541924,Will the lowest temperature in New York City be between 66-67°F on August 23?,True,False,2026-08-23,2026-08-22,25.22222,25.22222,397.999,,"{""Yes"": 0.125, ""No"": 0.875}","[""27741605023909144744600208994630187557025032271603385158433763556840509191923"", ""32313089525816244992767397782013546351091861012806371928399928016639714626131""]",1787417453834,0.1,0.85,0.15,0.9,1262.77,1072.25,0.330673,0.914702
2026-08-22T16:44:44.479347+00:00,New York City,0x5f831087882c112ea8a710483b9fac76def107d07363d55b3cd8f02ad60cb784,Will the lowest temperature in New York City be between 68-69°F on August 23?,True,False,2026-08-23,2026-08-22,43.709676,43.709676,287.0136,,"{""Yes"": 0.29, ""No"": 0.71}","[""62731327394872024260018077248079612250729736322196134319497499153154357694890"", ""77942760536036459065628831918667521873575363585765768263676138781889777487108""]",1787417453836,0.25,0.67,0.33,0.75,1242.05,649.14,0.486243,0.768244
2026-08-22T16:44:44.479358+00:00,New York City,0x6e41bc702e225ebee2ef744e36575b0beb00cae5f8d7c4965a6839b908a7bbef,Will the lowest temperature in New York City be between 70-71°F on August 23?,True,False,2026-08-23,2026-08-22,60.45849,60.45849,293.6658,,"{""Yes"": 0.37, ""No"": 0.63}","[""97929326759611566086045398151294653654679302920327882000632632383469767154285"", ""94968669357615007409266742991227210201417230062690320900279905223637984197950""]",1787417453760,0.24,0.54,0.46,0.76,1342.19,767.52,0.505409,0.777005
2026-08-22T16:44:44.479367+00:00,New York City,0x3c1bffbc72d1170a3c402357bf013b8823d3900c49c8b37eb63b240e397a5373,Will the lowest temperature in New York City be between 72-73°F on August 23?,True,False,2026-08-23,2026-08-22,47.285014,47.285014000000004,342.8174,,"{""Yes"": 0.18, ""No"": 0.82}","[""31445166572879133259435842922747699234629564073372047282691875686213207469126"", ""98981965662187048906475461859543917805124754119113895151772985911396791238194""]",1787417453837,0.17,0.81,0.19,0.83,1093.35,684.64,0.379941,0.83
2026-08-22T16:44:44.479377+00:00,New York City,0x97dfd04eae5361848b9caf0e379b837a8037b6404039ad37323a971d58f098e4,Will the lowest temperature in New York City be between 74-75°F on August 23?,True,False,2026-08-23,2026-08-22,75.571427,85.571427,341.3797,,"{""Yes"": 0.025, ""No"": 0.975}","[""41714088549412194627884398821390833657416130732117532517431298221072732288703"", ""62842949275880786458820919355393417558406061876802088275856269429081131191378""]",1787417453835,0.02,0.97,0.03,0.98,1222.1,136.42,0.363876,0.988024
2026-08-22T16:44:44.479386+00:00,New York City,0x2319a9f4211b9d1dd8d5cfd5266eac5e2cb69ea2a70b633ea9f8deac11b4ec4d,Will the lowest temperature in New York City be between 76-77°F on August 23?,True,False,2026-08-23,2026-08-22,143.0,153.0,755.7692,,"{""Yes"": 0.01, ""No"": 0.99}","[""92331854501114406890782732486050648149419036081783782146869895416355863944794"", ""57886385134129928159238646368632554049697745251836485605418183650283651196115""]",1787417453838,,0.98,0.02,,1357.08,0.0,0.249072,
2026-08-22T16:44:44.479395+00:00,New York City,0x8b3964088dc4f5921476e0f417a6bfa6e2756659cd61871c8f5bd4145974edcc,Will the lowest temperature in New York City be 78°F or higher on August 23?,True,False,2026-08-23,2026-08-22,5.0,15.0,276.1563,,"{""Yes"": 0.02, ""No"": 0.98}","[""74868967738772559701068344511495423353799737045151713312441529878854038744890"", ""79856954817952259451687076098873020309882007444904034332054546862116276250193""]",1787417472378,,0.96,0.04,,708.2,0.0,0.33687,
2026-08-22T17:39:31.744576+00:00,New York City,0x54dcc4454625f5f1d334566744d9096a1149874f5d960db58b831a74e095b5d5,Will the lowest temperature in New York City be 59°F or below on August 22?,True,False,2026-08-22,2026-08-21,214.018,0.0,1271.44386,,"{""Yes"": 0.0005, ""No"": 0.9995}","[""22176085656247966028331551853638107537470051324335055789558369382929683210343"", ""2267978970326297723553940601314171628859636069224705401708236892850840788574""]",1787420221121,,0.999,0.001,,4150.65,0.0,0.077382,
2026-08-22T17:39:31.744616+00:00,New York City,0x4a329c3c83c03df36dfab693a263300d0681bdac863efe7f81c3271b59f75abd,Will the lowest temperature in New York City be between 60-61°F on August 22?,True,False,2026-08-22,2026-08-21,538.034,215.01799999999994,1166.13126,,"{""Yes"": 0.0015, ""No"": 0.9985}","[""57167492078919856972518558145921607569548726888853941010667963281057213184432"", ""30525319886414391606885741506677872028934770762542779414612397146283819035961""]",1787420223130,0.001,0.998,0.002,0.999,5749.37,0.98,0.086888,
2026-08-22T17:39:31.744634+00:00,New York City,0xef097895a83907dbe3ec3e8d22545bffb5ac4b592dd6170a6eee80ca9cc293bb,Will the lowest temperature in New York City be between 62-63°F on August 22?,True,False,2026-08-22,2026-08-21,397.717665,348.517665,933.52946,,"{""Yes"": 0.0025, ""No"": 0.9975}","[""45681626258458280676213473424882847719722052069172846841022502505853622627439"", ""80011524950630074551789238568474286480241672837405698472638837569921200162148""]",1787419147767,0.001,0.996,0.004,0.999,5770.91,63.67,0.110001,
2026-08-22T17:39:31.744648+00:00,New York City,0x002fc34dd896077b110da622105033345a005b0acb6bd69b0822b3737cb65ddd,Will the lowest temperature in New York City be between 64-65°F on August 22?,True,False,2026-08-22,2026-08-21,785.3625000000001,748.31995,229.7883,,"{""Yes"": 0.02, ""No"": 0.98}","[""63773393739221834104651676663344121685573450563857634042856283335549537102653"", ""88033838603680297674698215778109359526350169078051715115814074079069409687995""]",1787420577577,0.01,0.97,0.03,0.99,226.82,44.49,0.29866,
2026-08-22T17:39:31.744658+00:00,New York City,0xfab18e113307d1f42049c66a1a92ace3e327dd10c09d0c19144bd71783463364,Will the lowest temperature in New York City be between 66-67°F on August 22?,True,False,2026-08-22,2026-08-21,487.303933,397.06776599999995,181.5955,,"{""Yes"": 0.05, ""No"": 0.95}","[""92163698769008901414801228646341607937236816654571095417680419783334040742305"", ""79147634621270984375661486233617478153672859175960026083035358069964394312020""]",1787420516860,0.04,0.94,0.06,0.96,204.81,407.62,0.371461,0.963145
2026-08-22T17:39:31.744670+00:00,New York City,0x5dbe4930a2d69c3974d78c6f145e0ae7aef0afe859945440962589545d15c27e,Will the lowest temperature in New York City be between 68-69°F on August 22?,True,False,2026-08-22,2026-08-21,1293.496778,1208.100919,331.0965,,"{""Yes"": 0.075, ""No"": 0.925}","[""102161550546141171718592932188454213460635585161963173365335629871525879686627"", ""62248823643995751731227370875463031992607697617523717400611442648094026925537""]",1787420683184,0.07,0.92,0.08,0.93,411.53,509.38,0.462959,0.947954
2026-08-22T17:39:31.744682+00:00,New York City,0xeb9437a98c93f75d5cfd1ba36ad11563996c7b48b7722457978ebe12cbea60f3,Will the lowest temperature in New York City be between 70-71°F on August 22?,True,False,2026-08-22,2026-08-21,1443.024975,1342.802288,369.8944,,"{""Yes"": 0.89, ""No"": 0.11}","[""90335072572473530532445096481344729704494866468199046823791889372819977574128"", ""83090340422046528949177736108663528002668483123667297806592548039819000596025""]",1787420698896,0.88,0.1,0.9,0.12,414.46,3508.03,0.908147,0.293247
2026-08-22T17:39:31.744694+00:00,New York City,0xbde966425cdd788bd024982a5ee0e119a159c88c0443add283d42df0a493c31b,Will the lowest temperature in New York City be between 72-73°F on August 22?,True,False,2026-08-22,2026-08-21,991.2411999999999,953.8412,19901.52376,,"{""Yes"": 0.0005, ""No"": 0.9995}","[""77348581478469193025373299675539767896079436532791539162461001183884931566275"", ""25718091385299197858687993541357133666433211818732057358057946891320711386520""]",1787420222118,,0.999,0.001,,4211.96,0.0,0.005021,
2026-08-22T17:39:31.744710+00:00,New York City,0xba96e05af67328c367c660e00a49e84879175db0aa8dda26078624372a685c2e,Will the lowest temperature in New York City be between 74-75°F on August 22?,True,False,2026-08-22,2026-08-21,446.08000000000004,145.04000000000002,19859.16845,,"{""Yes"": 0.0005, ""No"": 0.9995}","[""19535018881362563194304737615410708838997688466633096387809969256217446161129"", ""39876616032408383185314067220007911162055542005557097175729260358462038899765""]",1787420518761,,0.999,0.001,,4205.71,0.0,0.005031,
2026-08-22T17:39:31.744727+00:00,New York City,0xc24073a4e63982d8ed1b569ff89ce337c1e6c14e14e3546affbea9d617643e75,Will the lowest temperature in New York City be between 76-77°F on August 22?,True,False,2026-08-22,2026-08-21,184.0,0.0,20864.59398,,"{""Yes"": 0.0005, ""No"": 0.9995}","[""86814143036964066695108823197756480372562391896588142422103788090182359176122"", ""66590717440993268935187443317507451587097336853789459429433486685779409405047""]",1787420378043,,0.999,0.001,,4173.51,0.0,0.00479,
2026-08-22T17:39:31.744741+00:00,New York City,0x4115b736021acabd1cb943facdc67ba9d7266368233e8580fdd802562333a36e,Will the lowest temperature in New York City be 78°F or higher on August 22?,True,False,2026-08-22,2026-08-21,174.0,0.0,20950.8637,,"{""Yes"": 0.0005, ""No"": 0.9995}","[""82225531464765892409447886498262082024313588109407190388031720876269319106258"", ""74548726440436727656651188714024117760858455945047034132131889162404588900475""]",1787420557765,,0.999,0.001,,4176.35,0.0,0.00477,
2026-08-22T17:39:31.744758+00:00,New York City,0x60e023fc412734dce63432c5e2ec69e609eeb7b86a96351577591431753b5fb5,Will the highest temperature in New York City be 67°F or below on August 22?,True,False,2026-08-22,2026-08-21,7491.437,5000.0,41981.24765,,"{""Yes"": 0.0005, ""No"": 0.9995}","[""58968776578131649117981021315210454022108642050324490888229625074165333799511"", ""41292985683615773710167809043078841084013491213403163839637002881120847403486""]",1787420691802,,0.999,0.001,,4399.76,0.0,0.002385,
2026-08-22T17:39:31.744773+00:00,New York City,0x942d5d8929fcffed966774106f730d780db56b5115c2393001dfaffb7183083a,Will the highest temperature in New York City be between 68-69°F on August 22?,True,False,2026-08-22,2026-08-21,6659.632200000001,4605.201999999999,43584.30046,,"{""Yes"": 0.0005, ""No"": 0.9995}","[""84961300753189087718453506028435441023757547801371175621706860012430249562729"", ""28516945579299192627698888404531229365159323903892974075223308204806776744087""]",1787420546084,,0.999,0.001,,6765.64,0.0,0.002299,
2026-08-22T17:39:31.744791+00:00,New York City,0x25ce1b7b7387148c413ee3f291856179ed1cc51904837697c67a656f5f7c6550,Will the highest temperature in New York City be between 70-71°F on August 22?,True,False,2026-08-22,2026-08-21,28829.699364999997,28516.358794000003,38516.40346,,"{""Yes"": 0.0005, ""No"": 0.9995}","[""98445577116205349494970594520006863753161724146388949535409280517965398256379"", ""52252001268139384492752364493136390733312855094828301203114436930170445408996""]",1787420546085,,0.999,0.001,,6949.41,0.0,0.002605,
2026-08-22T17:39:31.744807+00:00,New York City,0xe2d07c37d90dc585543f6a8eb8f35a6d773d9f66f5755a29f3e79d294cdede19,Will the highest temperature in New York City be between 72-73°F on August 22?,True,False,2026-08-22,2026-08-21,16632.376069,15829.649493000006,1800.5755,,"{""Yes"": 0.015, ""No"": 0.985}","[""114220303114617076912409921892040505656619131332387439130287480860707576745909"", ""13236288524812527820040865773156239659533617217184028146960115964622087322138""]",1787420671631,0.001,0.991,0.009,0.999,6628.03,99.9,0.040437,
2026-08-22T17:39:31.744822+00:00,New York City,0x6727f7f15d2b8ea1f006316669329f60dd0ab606804001e1dbca2dbd9b2dfa5c,Will the highest temperature in New York City be between 74-75°F on August 22?,True,False,2026-08-22,2026-08-21,10617.055988999999,8035.920524999999,272.3408,,"{""Yes"": 0.39, ""No"": 0.61}","[""90081247998737697857319215891369197249427667829382780475732070333954048890030"", ""58103310499352188449263875038377397364480312690044039250975224628229161783444""]",1787420691363,0.41,0.57,0.43,0.59,1468.68,1037.92,0.595901,0.656335
2026-08-22T17:39:31.744838+00:00,New York City,0x7006795b6e514c73ff43ff60ef2a19cff95a577e95beda17cd301995695383d7,Will the highest temperature in New York City be between 76-77°F on August 22?,True,False,2026-08-22,2026-08-21,7706.8707749999985,6645.268097000002,212.7508,,"{""Yes"": 0.495, ""No"": 0.505}","[""51395141563796878258814105826509377342667166367686163704949255870609779201923"", ""50000293278698818965769428661779246637782788825829140395290118342754901858104""]",1787420589763,0.47,0.45,0.55,0.53,1005.91,670.53,0.609526,0.699439
2026-08-22T17:39:31.744854+00:00,New York City,0x6e378c63553894bcef76fcec43468bcb44381ebd38714f4d422fc812d9861364,Will the highest temperature in New York City be between 78-79°F on August 22?,True,False,2026-08-22,2026-08-21,8914.532928999997,8152.310717999999,303.579,,"{""Yes"": 0.065, ""No"": 0.935}","[""83791725590918781771172010388732187290846129006883104378432893557012227941485"", ""10888944644112166978679204926526714075321060019023309634645096996066942947028""]",1787420659454,0.05,0.93,0.07,0.95,831.67,438.28,0.293338,0.954399
2026-08-22T17:39:31.744870+00:00,New York City,0x258d8e49414b645925e1525e4731d67f4121e13158a22078c77e935fa828776a,Will the highest temperature in New York City be between 80-81°F on August 22?,True,False,2026-08-22,2026-08-21,7013.85942,5955.902937999998,1624.75072,,"{""Yes"": 0.003, ""No"": 0.997}","[""81398495580226134126340144488134510473693886599282393729088984636977861277750"", ""101162327800347123206682925721698241104250753673368978572687582424157202081976""]",1787420571571,0.002,0.996,0.004,0.998,8533.32,3175.31,0.061804,0.998
2026-08-22T17:39:31.744886+00:00,New York City,0xe73b08187095283569e9a87dd424921002c74bcd681135800db6930184f116df,Will the highest temperature in New York City be between 82-83°F on August 22?,True,False,2026-08-22,2026-08-21,2693.9582490000007,2335.323849,2186.04586,,"{""Yes"": 0.0005, ""No"": 0.9995}","[""91237721705643528495040541693062976800336043664250418638214660931067071210350"", ""75202635143193836646670253443450412825867995093768447209082447765313777913441""]",1787420546109,,0.999,0.001,,8537.56,0.0,0.047607,
2026-08-22T17:39:31.744901+00:00,New York City,0xa416a8b75e923ab23c6ad6babfc8a5da546c916c38a0bd86b062a5014a9b8cb4,Will the highest temperature in New York City be between 84-85°F on August 22?,True,False,2026-08-22,2026-08-21,1628.1295209999998,1152.143521,2199.73631,,"{""Yes"": 0.0005, ""No"": 0.9995}","[""32360688754587735790786636279225748224694138602650279984483573554774374694175"", ""26482122304855412186853138691363032087124653199807408125248748200267488038488""]",1787420651157,,0.999,0.001,,6916.02,0.0,0.04643,
2026-08-22T17:39:31.744915+00:00,New York City,0x9ab60f8814fed31200b36bd471d321d08231ab90b7ba3374f33ffb27b937d95d,Will the highest temperature in New York City be 86°F or higher on August 22?,True,False,2026-08-22,2026-08-21,485.74100000000004,0.0,2904.84833,,"{""Yes"": 0.0005, ""No"": 0.9995}","[""90802258199338684283763723709032693428714550902326081212921238210093757590330"", ""33198940399963249879376800329359855327762908607906799967233256383860226344780""]",1787420546108,,0.999,0.001,,4327.73,0.0,0.034271,
2026-08-22T17:39:31.744930+00:00,New York City,0xc9036371f91975f3035eaef6b8a90505300d2ed6c381e5a091f34e6f525b6c30,Will the highest temperature in New York City be 73°F or below on August 23?,True,False,2026-08-23,2026-08-22,272.2425,282.2425,2148.66695,,"{""Yes"": 0.0045, ""No"": 0.9955}","[""10501517808396503559679062613105280076493552725081490906123917029764933569068"", ""16539930148426566991001386772640020336886809696306294033523665045132545318797""]",1787420687127,0.001,0.992,0.008,0.999,8506.55,316.04,0.085644,0.999
2026-08-22T17:39:31.744963+00:00,New York City,0xfdd31b8352a5c8771b662fcdb464c773cc1d11bf974e659cb70f9ffa69f1d971,Will the highest temperature in New York City be between 74-75°F on August 23?,True,False,2026-08-23,2026-08-22,183.74599999999998,193.746,3384.14487,,"{""Yes"": 0.004, ""No"": 0.996}","[""112593911214148767251997447162048098507025776011516821062683980433117487587204"", ""28774677088252630300905164900322307897288593922313256849914430510520303670187""]",1787420657387,0.001,0.993,0.007,0.999,21823.61,107.27,0.097553,0.999
2026-08-22T17:39:31.744978+00:00,New York City,0xdff8dcf4bbc37881731bc3cd7d4ac6c9ebcadc43d2cc04451ca6d50700567d34,Will the highest temperature in New York City be between 76-77°F on August 23?,True,False,2026-08-23,2026-08-22,1164.527644,1174.527644,5583.98085,,"{""Yes"": 0.014, ""No"": 0.986}","[""62829073598251019513915763061620999817960159076895788159212448057654320897962"", ""84041388028731725957829593393523520675880853212883236770194889568065753948580""]",1787420640013,0.009,0.981,0.019,0.991,41711.84,1086.28,0.067317,0.992305
2026-08-22T17:39:31.744992+00:00,New York City,0x16a2264e070d745d1181c9892bf39e12b9dcb300f521ef75e8715327e48f5429,Will the highest temperature in New York City be between 78-79°F on August 23?,True,False,2026-08-23,2026-08-22,457.25234100000006,469.442341,3119.5119,,"{""Yes"": 0.075, ""No"": 0.925}","[""99008833481370731920855473787773616780163563011492750734789352629703483318767"", ""44828389890422355055512282211707089824388453115742352625652849918528510892634""]",1787420697713,0.07,0.92,0.08,0.93,18258.84,6107.13,0.145074,0.93
2026-08-22T17:39:31.745006+00:00,New York City,0x96643f2898239f932349a05ae7f2c35559619ffb85c5392bb409397a2033da2a,Will the highest temperature in New York City be between 80-81°F on August 23?,True,False,2026-08-23,2026-08-22,1434.456857,1444.456857,4280.9563,,"{""Yes"": 0.285, ""No"": 0.715}","[""38471214694170037984973568648626321853290574777070945187168512580638224047691"", ""57259393671183172582735310615165731463003209662048889377423041072317121773930""]",1787420695152,0.28,0.71,0.29,0.72,20101.05,3460.16,0.305282,0.72
2026-08-22T17:39:31.745020+00:00,New York City,0xb7ac66dbfe44ae9a9bc7aba9774d8f06cfd2d777155025993654263adf78ac13,Will the highest temperature in New York City be between 82-83°F on August 23?,True,False,2026-08-23,2026-08-22,964.729795,982.219795,2565.0481,,"{""Yes"": 0.465, ""No"": 0.535}","[""38902169854652465630947854107317854773848010553570595835561074295476091954219"", ""6880128462746070135371935773408905637598101683104843419847437315115438647321""]",1787420687214,0.46,0.53,0.47,0.54,17555.38,1314.72,0.47,0.54
2026-08-22T17:39:31.745036+00:00,New York City,0x714f5f1a3a9e8549a6390de8ee6faf63d888a3ab2954cea29c21c8cf4d3ea803,Will the highest temperature in New York City be between 84-85°F on August 23?,True,False,2026-08-23,2026-08-22,1131.0220279999999,1167.0220279999999,4634.4482,,"{""Yes"": 0.14, ""No"": 0.86}","[""17038710002793063990392478273767776431217094462603108901566464212730505441264"", ""53289516700889681580133774628163618738689195710639848372945100123825138670438""]",1787420680904,0.13,0.86,0.14,0.87,19415.93,3511.82,0.175716,0.878682
2026-08-22T17:39:31.745051+00:00,New York City,0xc61a4545e137bab8119d71e25184238450e011383cb9906667c8562762ae56ea,Will the highest temperature in New York City be between 86-87°F on August 23?,True,False,2026-08-23,2026-08-22,243.60365,253.60365000000002,3205.4562,,"{""Yes"": 0.025, ""No"": 0.975}","[""103608175012448499910775714089032094918845576128750358412668580846019845532387"", ""113385366596592597814917790331990980266455298839766004097226405663918192965083""]",1787420687216,0.02,0.97,0.03,0.98,18485.73,319.79,0.103077,0.985915
2026-08-22T17:39:31.745067+00:00,New York City,0x97eeb6e6a72cb792b68e9a9454aa7c3f7e74746393900643b3b162547a587c95,Will the highest temperature in New York City be between 88-89°F on August 23?,True,False,2026-08-23,2026-08-22,124.61000000000001,134.61,3223.37275,,"{""Yes"": 0.0115, ""No"": 0.9885}","[""114838494395643787940169365281062314792066024869237367327695044887469706733593"", ""109900369320075389007190344200979532199724927951718771892516491750534698347746""]",1787420687217,0.006,0.983,0.017,0.994,20813.59,2325.55,0.088517,0.994403
2026-08-22T17:39:31.745079+00:00,New York City,0xb33ea35df7e20788eb863a8913b0d04ebd7c0d900d6b54ca5b7264b41280b06d,Will the highest temperature in New York City be between 90-91°F on August 23?,True,False,2026-08-23,2026-08-22,134.5985,144.5985,3794.06469,,"{""Yes"": 0.003, ""No"": 0.997}","[""56081030867967291153857547461153886031899854227951226713971332403073818045533"", ""12246287985759348649967848152152215415064867795192738483400415644170095101704""]",1787420665618,0.002,0.996,0.004,0.998,21948.45,149.15,0.083326,0.998
2026-08-22T17:39:31.745089+00:00,New York City,0xd81e24363e9032f71e4b3bcc6172b8658d30cae6ca793521e6aedae693d44443,Will the highest temperature in New York City be 92°F or higher on August 23?,True,False,2026-08-23,2026-08-22,247.62349999999998,257.6235,3948.22577,,"{""Yes"": 0.003, ""No"": 0.997}","[""96059710701050699345409109008774733443452819159964144536091672091931640669656"", ""82164490970881232273561758214562714222586308963935020439603047630558572723413""]",1787420687148,0.002,0.996,0.004,0.998,7728.27,315.54,0.055248,0.998
2026-08-22T17:39:31.745099+00:00,New York City,0xf54c033197acc057350bcb3f6d5f2feda7c8bb850920f008479e6a05f8d97801,Will the lowest temperature in New York City be 59°F or below on August 23?,True,False,2026-08-23,2026-08-22,10.0,15.0,1801.97023,,"{""Yes"": 0.0065, ""No"": 0.9935}","[""41913461189028344507895252785216841444603178472297165560331836124148706365467"", ""91015721423101112190959656039967433816753262625439181065136100173982143003079""]",1787420694131,0.002,0.984,0.016,0.998,1859.59,119.87,0.093636,0.9989
2026-08-22T17:39:31.745109+00:00,New York City,0x5a980885aaeebbaa301e96b374d8848428ed688d9ad421fec2e0403206880bda,Will the lowest temperature in New York City be between 60-61°F on August 23?,True,False,2026-08-23,2026-08-22,10.0,15.0,1941.51028,,"{""Yes"": 0.0085, ""No"": 0.9915}","[""34708389771261436513875651680918471994008182689217040058196582123745422313544"", ""92148277642001454670628007038423530304847052222229790925054881143767927985130""]",1787420665181,0.002,0.981,0.019,0.998,3561.94,285.54,0.087791,0.998
2026-08-22T17:39:31.745119+00:00,New York City,0x6191fa410034adab4ec97add27d9dafd007900dbca4e2c3cb7acb9e6228127ad,Will the lowest temperature in New York City be between 62-63°F on August 23?,True,False,2026-08-23,2026-08-22,15.0,15.0,467.7969,,"{""Yes"": 0.025, ""No"": 0.975}","[""25571084448407965069777688199749495797456120322699899958504451972139602637736"", ""111247815246430826017067494082678694522123993199889962038977612676826346203282""]",1787420558585,,0.91,0.09,,1181.2,0.0,0.345334,
2026-08-22T17:39:31.745128+00:00,New York City,0xc98a211856bd6009ae6611104676cf119438cfb7092fce98bea36542ce3fa49d,Will the lowest temperature in New York City be between 64-65°F on August 23?,True,False,2026-08-23,2026-08-22,77.989125,77.989125,451.0567,,"{""Yes"": 0.04, ""No"": 0.96}","[""81814558559019248028254087088241572223430133435721336539678062917305548908416"", ""26049116177937411211761011915147615512055879083869278830198611672766524328465""]",1787420585189,0.02,0.91,0.09,0.98,1266.62,199.49,0.330819,0.985173
2026-08-22T17:39:31.745138+00:00,New York City,0x07546d5d4dc1731b628ae465ff0c3c8b9569d00865a0b98ebb37c3796b541924,Will the lowest temperature in New York City be between 66-67°F on August 23?,True,False,2026-08-23,2026-08-22,25.22222,25.22222,458.5601,,"{""Yes"": 0.12, ""No"": 0.88}","[""27741605023909144744600208994630187557025032271603385158433763556840509191923"", ""32313089525816244992767397782013546351091861012806371928399928016639714626131""]",1787420558584,0.1,0.85,0.15,0.9,1282.84,1051.32,0.348615,0.922877
2026-08-22T17:39:31.745147+00:00,New York City,0x5f831087882c112ea8a710483b9fac76def107d07363d55b3cd8f02ad60cb784,Will the lowest temperature in New York City be between 68-69°F on August 23?,True,False,2026-08-23,2026-08-22,43.709676,43.709676,356.5365,,"{""Yes"": 0.305, ""No"": 0.695}","[""62731327394872024260018077248079612250729736322196134319497499153154357694890"", ""77942760536036459065628831918667521873575363585765768263676138781889777487108""]",1787420558524,0.28,0.67,0.33,0.72,1228.86,1349.66,0.492161,0.770049
2026-08-22T17:39:31.745157+00:00,New York City,0x6e41bc702e225ebee2ef744e36575b0beb00cae5f8d7c4965a6839b908a7bbef,Will the lowest temperature in New York City be between 70-71°F on August 23?,True,False,2026-08-23,2026-08-22,72.25849000000001,72.25849000000001,402.6503,,"{""Yes"": 0.4, ""No"": 0.6}","[""97929326759611566086045398151294653654679302920327882000632632383469767154285"", ""94968669357615007409266742991227210201417230062690320900279905223637984197950""]",1787420565185,0.22,0.59,0.41,0.78,1378.1,645.88,0.432565,0.811087
2026-08-22T17:39:31.745167+00:00,New York City,0x3c1bffbc72d1170a3c402357bf013b8823d3900c49c8b37eb63b240e397a5373,Will the lowest temperature in New York City be between 72-73°F on August 23?,True,False,2026-08-23,2026-08-22,72.54817,72.54817,443.8137,,"{""Yes"": 0.185, ""No"": 0.815}","[""31445166572879133259435842922747699234629564073372047282691875686213207469126"", ""98981965662187048906475461859543917805124754119113895151772985911396791238194""]",1787420678469,0.19,0.76,0.24,0.81,1378.74,634.24,0.46571,0.81
2026-08-22T17:39:31.745178+00:00,New York City,0x97dfd04eae5361848b9caf0e379b837a8037b6404039ad37323a971d58f098e4,Will the lowest temperature in New York City be between 74-75°F on August 23?,True,False,2026-08-23,2026-08-22,75.571427,85.571427,410.0041,,"{""Yes"": 0.025, ""No"": 0.975}","[""41714088549412194627884398821390833657416130732117532517431298221072732288703"", ""62842949275880786458820919355393417558406061876802088275856269429081131191378""]",1787420687632,0.02,0.97,0.03,0.98,1228.48,1361.42,0.380738,0.98
2026-08-22T17:39:31.745188+00:00,New York City,0x2319a9f4211b9d1dd8d5cfd5266eac5e2cb69ea2a70b633ea9f8deac11b4ec4d,Will the lowest temperature in New York City be between 76-77°F on August 23?,True,False,2026-08-23,2026-08-22,143.0,153.0,945.6403,,"{""Yes"": 0.01, ""No"": 0.99}","[""92331854501114406890782732486050648149419036081783782146869895416355863944794"", ""57886385134129928159238646368632554049697745251836485605418183650283651196115""]",1787420558587,,0.98,0.02,,3379.64,0.0,0.246306,
2026-08-22T17:39:31.745198+00:00,New York City,0x8b3964088dc4f5921476e0f417a6bfa6e2756659cd61871c8f5bd4145974edcc,Will the lowest temperature in New York City be 78°F or higher on August 23?,True,False,2026-08-23,2026-08-22,5.0,15.0,345.3175,,"{""Yes"": 0.02, ""No"": 0.98}","[""74868967738772559701068344511495423353799737045151713312441529878854038744890"", ""79856954817952259451687076098873020309882007444904034332054546862116276250193""]",1787420675841,,0.96,0.04,,898.58,0.0,0.298775,
2026-08-22T18:52:51.414449+00:00,New York City,0x54dcc4454625f5f1d334566744d9096a1149874f5d960db58b831a74e095b5d5,Will the lowest temperature in New York City be 59°F or below on August 22?,True,False,2026-08-22,2026-08-21,214.018,0.0,1105.27912,,"{""Yes"": 0.0005, ""No"": 0.9995}","[""22176085656247966028331551853638107537470051324335055789558369382929683210343"", ""2267978970326297723553940601314171628859636069224705401708236892850840788574""]",1787425078037,,0.999,0.001,,4206.71,0.0,0.092601,
2026-08-22T18:52:51.414485+00:00,New York City,0x4a329c3c83c03df36dfab693a263300d0681bdac863efe7f81c3271b59f75abd,Will the lowest temperature in New York City be between 60-61°F on August 22?,True,False,2026-08-22,2026-08-21,539.014,215.99799999999993,993.31552,,"{""Yes"": 0.001, ""No"": 0.999}","[""57167492078919856972518558145921607569548726888853941010667963281057213184432"", ""30525319886414391606885741506677872028934770762542779414612397146283819035961""]",1787425078038,,0.998,0.002,,4239.94,0.0,0.142397,
2026-08-22T18:52:51.414507+00:00,New York City,0xef097895a83907dbe3ec3e8d22545bffb5ac4b592dd6170a6eee80ca9cc293bb,Will the lowest temperature in New York City be between 62-63°F on August 22?,True,False,2026-08-22,2026-08-21,412.717665,363.517665,862.40446,,"{""Yes"": 0.0025, ""No"": 0.9975}","[""45681626258458280676213473424882847719722052069172846841022502505853622627439"", ""80011524950630074551789238568474286480241672837405698472638837569921200162148""]",1787425137020,0.001,0.996,0.004,0.999,5827.4,48.68,0.127017,
2026-08-22T18:52:51.414530+00:00,New York City,0x002fc34dd896077b110da622105033345a005b0acb6bd69b0822b3737cb65ddd,Will the lowest temperature in New York City be between 64-65°F on August 22?,True,False,2026-08-22,2026-08-21,785.3625000000001,748.31995,207.1054,,"{""Yes"": 0.02, ""No"": 0.98}","[""63773393739221834104651676663344121685573450563857634042856283335549537102653"", ""88033838603680297674698215778109359526350169078051715115814074079069409687995""]",1787425078035,0.01,0.91,0.09,0.99,253.15,44.49,0.681209,
2026-08-22T18:52:51.414552+00:00,New York City,0xfab18e113307d1f42049c66a1a92ace3e327dd10c09d0c19144bd71783463364,Will the lowest temperature in New York City be between 66-67°F on August 22?,True,False,2026-08-22,2026-08-21,487.303933,391.872962,201.5259,,"{""Yes"": 0.05, ""No"": 0.95}","[""92163698769008901414801228646341607937236816654571095417680419783334040742305"", ""79147634621270984375661486233617478153672859175960026083035358069964394312020""]",1787425078109,0.04,0.86,0.14,0.96,277.71,407.62,0.685686,0.963145
2026-08-22T18:52:51.414574+00:00,New York City,0x5dbe4930a2d69c3974d78c6f145e0ae7aef0afe859945440962589545d15c27e,Will the lowest temperature in New York City be between 68-69°F on August 22?,True,False,2026-08-22,2026-08-21,1293.496778,1208.100919,181.1843,,"{""Yes"": 0.075, ""No"": 0.925}","[""102161550546141171718592932188454213460635585161963173365335629871525879686627"", ""62248823643995751731227370875463031992607697617523717400611442648094026925537""]",1787424997814,0.05,0.25,0.75,0.95,261.66,269.16,0.86148,0.959207
2026-08-22T18:52:51.414595+00:00,New York City,0xeb9437a98c93f75d5cfd1ba36ad11563996c7b48b7722457978ebe12cbea60f3,Will the lowest temperature in New York City be between 70-71°F on August 22?,True,False,2026-08-22,2026-08-21,1443.024975,1327.417674,561.5714,,"{""Yes"": 0.885, ""No"": 0.115}","[""90335072572473530532445096481344729704494866468199046823791889372819977574128"", ""83090340422046528949177736108663528002668483123667297806592548039819000596025""]",1787425116041,0.16,0.25,0.75,0.84,644.39,462.62,0.850813,0.93459
2026-08-22T18:52:51.414616+00:00,New York City,0xbde966425cdd788bd024982a5ee0e119a159c88c0443add283d42df0a493c31b,Will the lowest temperature in New York City be between 72-73°F on August 22?,True,False,2026-08-22,2026-08-21,991.2412,953.8412,19894.14378,,"{""Yes"": 0.0005, ""No"": 0.9995}","[""77348581478469193025373299675539767896079436532791539162461001183884931566275"", ""25718091385299197858687993541357133666433211818732057358057946891320711386520""]",1787425127766,,0.999,0.001,,4233.37,0.0,0.005031,
2026-08-22T18:52:51.414638+00:00,New York City,0xba96e05af67328c367c660e00a49e84879175db0aa8dda26078624372a685c2e,Will the lowest temperature in New York City be between 74-75°F on August 22?,True,False,2026-08-22,2026-08-21,446.08000000000004,145.04000000000002,19859.16866,,"{""Yes"": 0.0005, ""No"": 0.9995}","[""19535018881362563194304737615410708838997688466633096387809969256217446161129"", ""39876616032408383185314067220007911162055542005557097175729260358462038899765""]",1787425077769,,0.999,0.001,,4232.85,0.0,0.005036,
2026-08-22T18:52:51.414658+00:00,New York City,0xc24073a4e63982d8ed1b569ff89ce337c1e6c14e14e3546affbea9d617643e75,Will the lowest temperature in New York City be between 76-77°F on August 22?,True,False,2026-08-22,2026-08-21,184.0,0.0,20804.1228,,"{""Yes"": 0.0005, ""No"": 0.9995}","[""86814143036964066695108823197756480372562391896588142422103788090182359176122"", ""66590717440993268935187443317507451587097336853789459429433486685779409405047""]",1787425127827,,0.999,0.001,,4207.26,0.0,0.004835,
2026-08-22T18:52:51.414679+00:00,New York City,0x4115b736021acabd1cb943facdc67ba9d7266368233e8580fdd802562333a36e,Will the lowest temperature in New York City be 78°F or higher on August 22?,True,False,2026-08-22,2026-08-21,174.0,0.0,20785.23854,,"{""Yes"": 0.0005, ""No"": 0.9995}","[""82225531464765892409447886498262082024313588109407190388031720876269319106258"", ""74548726440436727656651188714024117760858455945047034132131889162404588900475""]",1787425087766,,0.999,0.001,,4219.42,0.0,0.0047,
2026-08-22T18:52:51.414700+00:00,New York City,0x60e023fc412734dce63432c5e2ec69e609eeb7b86a96351577591431753b5fb5,Will the highest temperature in New York City be 67°F or below on August 22?,True,False,2026-08-22,2026-08-21,7491.437,5000.0,37982.05135,,"{""Yes"": 0.0005, ""No"": 0.9995}","[""58968776578131649117981021315210454022108642050324490888229625074165333799511"", ""41292985683615773710167809043078841084013491213403163839637002881120847403486""]",1787425148466,,0.999,0.001,,4387.45,0.0,0.002666,
2026-08-22T18:52:51.414721+00:00,New York City,0x942d5d8929fcffed966774106f730d780db56b5115c2393001dfaffb7183083a,Will the highest temperature in New York City be between 68-69°F on August 22?,True,False,2026-08-22,2026-08-21,6659.6322,4605.201999999999,39928.28916,,"{""Yes"": 0.0005, ""No"": 0.9995}","[""84961300753189087718453506028435441023757547801371175621706860012430249562729"", ""28516945579299192627698888404531229365159323903892974075223308204806776744087""]",1787425141219,,0.999,0.001,,5747.22,0.0,0.00251,
2026-08-22T18:52:51.414742+00:00,New York City,0x25ce1b7b7387148c413ee3f291856179ed1cc51904837697c67a656f5f7c6550,Will the highest temperature in New York City be between 70-71°F on August 22?,True,False,2026-08-22,2026-08-21,28829.699364999997,28461.358794,36167.78416,,"{""Yes"": 0.0005, ""No"": 0.9995}","[""98445577116205349494970594520006863753161724146388949535409280517965398256379"", ""52252001268139384492752364493136390733312855094828301203114436930170445408996""]",1787425141196,,0.999,0.001,,5927.37,0.0,0.002772,
2026-08-22T18:52:51.414761+00:00,New York City,0xe2d07c37d90dc585543f6a8eb8f35a6d773d9f66f5755a29f3e79d294cdede19,Will the highest temperature in New York City be between 72-73°F on August 22?,True,False,2026-08-22,2026-08-21,21443.057618999996,20591.331043000013,23216.29171,,"{""Yes"": 0.0005, ""No"": 0.9995}","[""114220303114617076912409921892040505656619131332387439130287480860707576745909"", ""13236288524812527820040865773156239659533617217184028146960115964622087322138""]",1787425141200,,0.999,0.001,,4908.43,0.0,0.004327,
2026-08-22T18:52:51.414778+00:00,New York City,0x6727f7f15d2b8ea1f006316669329f60dd0ab606804001e1dbca2dbd9b2dfa5c,Will the highest temperature in New York City be between 74-75°F on August 22?,True,False,2026-08-22,2026-08-21,11168.974939,8168.349474999998,277.4173,,"{""Yes"": 0.295, ""No"": 0.705}","[""90081247998737697857319215891369197249427667829382780475732070333954048890030"", ""58103310499352188449263875038377397364480312690044039250975224628229161783444""]",1787425143213,,0.999,0.001,,4895.71,0.0,0.006691,
2026-08-22T18:52:51.414796+00:00,New York City,0x7006795b6e514c73ff43ff60ef2a19cff95a577e95beda17cd301995695383d7,Will the highest temperature in New York City be between 76-77°F on August 22?,True,False,2026-08-22,2026-08-21,8067.181511000002,6992.818833000002,222.0948,,"{""Yes"": 0.63, ""No"": 0.37}","[""51395141563796878258814105826509377342667166367686163704949255870609779201923"", ""50000293278698818965769428661779246637782788825829140395290118342754901858104""]",1787425148283,0.66,0.14,0.86,0.38,795.09,755.4,0.881452,0.600608
2026-08-22T18:52:51.414848+00:00,New York City,0x6e378c63553894bcef76fcec43468bcb44381ebd38714f4d422fc812d9861364,Will the highest temperature in New York City be between 78-79°F on August 22?,True,False,2026-08-22,2026-08-21,9518.721945000001,8576.699734,263.6213,,"{""Yes"": 0.075, ""No"": 0.925}","[""83791725590918781771172010388732187290846129006883104378432893557012227941485"", ""10888944644112166978679204926526714075321060019023309634645096996066942947028""]",1787425148445,0.12,0.63,0.35,0.88,1016.57,739.36,0.552815,0.884792
2026-08-22T18:52:51.414868+00:00,New York City,0x258d8e49414b645925e1525e4731d67f4121e13158a22078c77e935fa828776a,Will the highest temperature in New York City be between 80-81°F on August 22?,True,False,2026-08-22,2026-08-21,8630.219420000001,7572.262937999999,801.39573,,"{""Yes"": 0.004, ""No"": 0.996}","[""81398495580226134126340144488134510473693886599282393729088984636977861277750"", ""101162327800347123206682925721698241104250753673368978572687582424157202081976""]",1787425141145,0.003,0.988,0.012,0.997,2463.96,4510.2,0.143903,0.997
2026-08-22T18:52:51.414888+00:00,New York City,0xe73b08187095283569e9a87dd424921002c74bcd681135800db6930184f116df,Will the highest temperature in New York City be between 82-83°F on August 22?,True,False,2026-08-22,2026-08-21,2693.9582490000003,2335.3238490000003,2115.53637,,"{""Yes"": 0.0005, ""No"": 0.9995}","[""91237721705643528495040541693062976800336043664250418638214660931067071210350"", ""75202635143193836646670253443450412825867995093768447209082447765313777913441""]",1787425141127,,0.999,0.001,,5692.88,0.0,0.04966,
2026-08-22T18:52:51.414903+00:00,New York City,0xa416a8b75e923ab23c6ad6babfc8a5da546c916c38a0bd86b062a5014a9b8cb4,Will the highest temperature in New York City be between 84-85°F on August 22?,True,False,2026-08-22,2026-08-21,1628.129521,1152.143521,2117.67308,,"{""Yes"": 0.0005, ""No"": 0.9995}","[""32360688754587735790786636279225748224694138602650279984483573554774374694175"", ""26482122304855412186853138691363032087124653199807408125248748200267488038488""]",1787425141090,,0.999,0.001,,5888.16,0.0,0.049188,
2026-08-22T18:52:51.414913+00:00,New York City,0x9ab60f8814fed31200b36bd471d321d08231ab90b7ba3374f33ffb27b937d95d,Will the highest temperature in New York City be 86°F or higher on August 22?,True,False,2026-08-22,2026-08-21,485.74100000000004,0.0,2475.65509,,"{""Yes"": 0.0005, ""No"": 0.9995}","[""90802258199338684283763723709032693428714550902326081212921238210093757590330"", ""33198940399963249879376800329359855327762908607906799967233256383860226344780""]",1787425133040,,0.999,0.001,,4323.37,0.0,0.040458,
2026-08-22T18:52:51.414924+00:00,New York City,0xc9036371f91975f3035eaef6b8a90505300d2ed6c381e5a091f34e6f525b6c30,Will the highest temperature in New York City be 73°F or below on August 23?,True,False,2026-08-23,2026-08-22,272.2425,282.2425,2924.71259,,"{""Yes"": 0.0045, ""No"": 0.9955}","[""10501517808396503559679062613105280076493552725081490906123917029764933569068"", ""16539930148426566991001386772640020336886809696306294033523665045132545318797""]",1787425127215,0.001,0.992,0.008,0.999,8649.56,306.05,0.074727,0.999
2026-08-22T18:52:51.414942+00:00,New York City,0xfdd31b8352a5c8771b662fcdb464c773cc1d11bf974e659cb70f9ffa69f1d971,Will the highest temperature in New York City be between 74-75°F on August 23?,True,False,2026-08-23,2026-08-22,213.736,223.736,2936.68043,,"{""Yes"": 0.0055, ""No"": 0.9945}","[""112593911214148767251997447162048098507025776011516821062683980433117487587204"", ""28774677088252630300905164900322307897288593922313256849914430510520303670187""]",1787425127345,0.002,0.991,0.009,0.998,19890.0,147.18,0.094775,0.998501
2026-08-22T18:52:51.414953+00:00,New York City,0xdff8dcf4bbc37881731bc3cd7d4ac6c9ebcadc43d2cc04451ca6d50700567d34,Will the highest temperature in New York City be between 76-77°F on August 23?,True,False,2026-08-23,2026-08-22,1164.527644,1174.527644,6443.05802,,"{""Yes"": 0.013, ""No"": 0.987}","[""62829073598251019513915763061620999817960159076895788159212448057654320897962"", ""84041388028731725957829593393523520675880853212883236770194889568065753948580""]",1787425128050,0.008,0.982,0.018,0.992,41206.98,1046.55,0.071747,0.992801
2026-08-22T18:52:51.414963+00:00,New York City,0x16a2264e070d745d1181c9892bf39e12b9dcb300f521ef75e8715327e48f5429,Will the highest temperature in New York City be between 78-79°F on August 23?,True,False,2026-08-23,2026-08-22,486.25234100000006,498.442341,2811.197,,"{""Yes"": 0.08, ""No"": 0.92}","[""99008833481370731920855473787773616780163563011492750734789352629703483318767"", ""44828389890422355055512282211707089824388453115742352625652849918528510892634""]",1787425138173,0.07,0.91,0.09,0.93,18323.52,5693.27,0.126007,0.93
2026-08-22T18:52:51.414974+00:00,New York City,0x96643f2898239f932349a05ae7f2c35559619ffb85c5392bb409397a2033da2a,Will the highest temperature in New York City be between 80-81°F on August 23?,True,False,2026-08-23,2026-08-22,1454.5751309999998,1464.5751309999996,3856.7566,,"{""Yes"": 0.285, ""No"": 0.715}","[""38471214694170037984973568648626321853290574777070945187168512580638224047691"", ""57259393671183172582735310615165731463003209662048889377423041072317121773930""]",1787425127249,0.28,0.71,0.29,0.72,20354.74,3301.9,0.296442,0.72
2026-08-22T18:52:51.414985+00:00,New York City,0xb7ac66dbfe44ae9a9bc7aba9774d8f06cfd2d777155025993654263adf78ac13,Will the highest temperature in New York City be between 82-83°F on August 23?,True,False,2026-08-23,2026-08-22,1014.4397949999999,1031.9297949999998,3585.7453,,"{""Yes"": 0.465, ""No"": 0.535}","[""38902169854652465630947854107317854773848010553570595835561074295476091954219"", ""6880128462746070135371935773408905637598101683104843419847437315115438647321""]",1787425139793,0.46,0.53,0.47,0.54,18033.74,5068.43,0.47,0.54
2026-08-22T18:52:51.414996+00:00,New York City,0x714f5f1a3a9e8549a6390de8ee6faf63d888a3ab2954cea29c21c8cf4d3ea803,Will the highest temperature in New York City be between 84-85°F on August 23?,True,False,2026-08-23,2026-08-22,1145.3077399999997,1181.3077399999997,3234.4199,,"{""Yes"": 0.15, ""No"": 0.85}","[""17038710002793063990392478273767776431217094462603108901566464212730505441264"", ""53289516700889681580133774628163618738689195710639848372945100123825138670438""]",1787425141897,0.14,0.84,0.16,0.86,18280.7,4167.8,0.169749,0.86
2026-08-22T18:52:51.415007+00:00,New York City,0xc61a4545e137bab8119d71e25184238450e011383cb9906667c8562762ae56ea,Will the highest temperature in New York City be between 86-87°F on August 23?,True,False,2026-08-23,2026-08-22,268.60365,278.60365,3349.3113,,"{""Yes"": 0.025, ""No"": 0.975}","[""103608175012448499910775714089032094918845576128750358412668580846019845532387"", ""113385366596592597814917790331990980266455298839766004097226405663918192965083""]",1787425127253,0.02,0.97,0.03,0.98,18331.75,414.89,0.092767,0.98
2026-08-22T18:52:51.415018+00:00,New York City,0x97eeb6e6a72cb792b68e9a9454aa7c3f7e74746393900643b3b162547a587c95,Will the highest temperature in New York City be between 88-89°F on August 23?,True,False,2026-08-23,2026-08-22,124.61000000000001,134.61,3290.50858,,"{""Yes"": 0.0115, ""No"": 0.9885}","[""114838494395643787940169365281062314792066024869237367327695044887469706733593"", ""109900369320075389007190344200979532199724927951718771892516491750534698347746""]",1787425138250,0.006,0.983,0.017,0.994,20866.11,2315.56,0.081798,0.994403
2026-08-22T18:52:51.415028+00:00,New York City,0xb33ea35df7e20788eb863a8913b0d04ebd7c0d900d6b54ca5b7264b41280b06d,Will the highest temperature in New York City be between 90-91°F on August 23?,True,False,2026-08-23,2026-08-22,134.5985,144.5985,3265.98703,,"{""Yes"": 0.003, ""No"": 0.997}","[""56081030867967291153857547461153886031899854227951226713971332403073818045533"", ""12246287985759348649967848152152215415064867795192738483400415644170095101704""]",1787425138249,0.002,0.996,0.004,0.998,20067.87,149.15,0.072772,0.998
2026-08-22T18:52:51.415039+00:00,New York City,0xd81e24363e9032f71e4b3bcc6172b8658d30cae6ca793521e6aedae693d44443,Will the highest temperature in New York City be 92°F or higher on August 23?,True,False,2026-08-23,2026-08-22,247.62349999999998,257.6235,4442.49747,,"{""Yes"": 0.003, ""No"": 0.997}","[""96059710701050699345409109008774733443452819159964144536091672091931640669656"", ""82164490970881232273561758214562714222586308963935020439603047630558572723413""]",1787425141070,0.002,0.996,0.004,0.998,7896.31,315.54,0.050055,0.998
2026-08-22T18:52:51.415050+00:00,New York City,0xf54c033197acc057350bcb3f6d5f2feda7c8bb850920f008479e6a05f8d97801,Will the lowest temperature in New York City be 59°F or below on August 23?,True,False,2026-08-23,2026-08-22,10.0,15.0,2460.62534,,"{""Yes"": 0.0035, ""No"": 0.9965}","[""41913461189028344507895252785216841444603178472297165560331836124148706365467"", ""91015721423101112190959656039967433816753262625439181065136100173982143003079""]",1787425141081,0.002,0.995,0.005,0.998,1228.78,109.88,0.073092,0.9989
2026-08-22T18:52:51.415060+00:00,New York City,0x5a980885aaeebbaa301e96b374d8848428ed688d9ad421fec2e0403206880bda,Will the lowest temperature in New York City be between 60-61°F on August 23?,True,False,2026-08-23,2026-08-22,10.0,15.0,2597.08727,,"{""Yes"": 0.0035, ""No"": 0.9965}","[""34708389771261436513875651680918471994008182689217040058196582123745422313544"", ""92148277642001454670628007038423530304847052222229790925054881143767927985130""]",1787425141818,0.002,0.995,0.005,0.998,2605.84,175.75,0.073485,0.998241
2026-08-22T18:52:51.415070+00:00,New York City,0x6191fa410034adab4ec97add27d9dafd007900dbca4e2c3cb7acb9e6228127ad,Will the lowest temperature in New York City be between 62-63°F on August 23?,True,False,2026-08-23,2026-08-22,15.0,15.0,940.2169,,"{""Yes"": 0.01, ""No"": 0.99}","[""25571084448407965069777688199749495797456120322699899958504451972139602637736"", ""111247815246430826017067494082678694522123993199889962038977612676826346203282""]",1787425141820,,0.91,0.09,,1290.56,0.0,0.277068,
2026-08-22T18:52:51.415080+00:00,New York City,0xc98a211856bd6009ae6611104676cf119438cfb7092fce98bea36542ce3fa49d,Will the lowest temperature in New York City be between 64-65°F on August 23?,True,False,2026-08-23,2026-08-22,77.989125,77.989125,457.5782,,"{""Yes"": 0.05, ""No"": 0.95}","[""81814558559019248028254087088241572223430133435721336539678062917305548908416"", ""26049116177937411211761011915147615512055879083869278830198611672766524328465""]",1787425095234,0.02,0.92,0.08,0.98,1196.11,248.49,0.299044,0.980295
2026-08-22T18:52:51.415090+00:00,New York City,0x07546d5d4dc1731b628ae465ff0c3c8b9569d00865a0b98ebb37c3796b541924,Will the lowest temperature in New York City be between 66-67°F on August 23?,True,False,2026-08-23,2026-08-22,25.22222,25.22222,497.0917,,"{""Yes"": 0.12, ""No"": 0.88}","[""27741605023909144744600208994630187557025032271603385158433763556840509191923"", ""32313089525816244992767397782013546351091861012806371928399928016639714626131""]",1787425107516,0.1,0.86,0.14,0.9,1252.24,1236.96,0.303275,0.904682
2026-08-22T18:52:51.415099+00:00,New York City,0x5f831087882c112ea8a710483b9fac76def107d07363d55b3cd8f02ad60cb784,Will the lowest temperature in New York City be between 68-69°F on August 23?,True,False,2026-08-23,2026-08-22,43.709676,43.709676,396.8936,,"{""Yes"": 0.31, ""No"": 0.69}","[""62731327394872024260018077248079612250729736322196134319497499153154357694890"", ""77942760536036459065628831918667521873575363585765768263676138781889777487108""]",1787425095392,0.3,0.67,0.33,0.7,1297.38,1038.13,0.407599,0.722022
2026-08-22T18:52:51.415110+00:00,New York City,0x6e41bc702e225ebee2ef744e36575b0beb00cae5f8d7c4965a6839b908a7bbef,Will the lowest temperature in New York City be between 70-71°F on August 23?,True,False,2026-08-23,2026-08-22,82.25849000000001,82.25849000000001,482.708,,"{""Yes"": 0.365, ""No"": 0.635}","[""97929326759611566086045398151294653654679302920327882000632632383469767154285"", ""94968669357615007409266742991227210201417230062690320900279905223637984197950""]",1787425145185,0.34,0.61,0.39,0.66,1392.22,861.75,0.44022,0.732568
2026-08-22T18:52:51.415120+00:00,New York City,0x3c1bffbc72d1170a3c402357bf013b8823d3900c49c8b37eb63b240e397a5373,Will the lowest temperature in New York City be between 72-73°F on August 23?,True,False,2026-08-23,2026-08-22,274.672801,274.672801,651.4758,,"{""Yes"": 0.165, ""No"": 0.835}","[""31445166572879133259435842922747699234629564073372047282691875686213207469126"", ""98981965662187048906475461859543917805124754119113895151772985911396791238194""]",1787425134771,0.13,0.81,0.19,0.87,3753.07,1911.3,0.298435,0.87
2026-08-22T18:52:51.415130+00:00,New York City,0x97dfd04eae5361848b9caf0e379b837a8037b6404039ad37323a971d58f098e4,Will the lowest temperature in New York City be between 74-75°F on August 23?,True,False,2026-08-23,2026-08-22,90.991427,100.991427,609.4973,,"{""Yes"": 0.05, ""No"": 0.95}","[""41714088549412194627884398821390833657416130732117532517431298221072732288703"", ""62842949275880786458820919355393417558406061876802088275856269429081131191378""]",1787425107521,0.02,0.92,0.08,0.98,1159.71,136.42,0.28113,0.988024
2026-08-22T18:52:51.415140+00:00,New York City,0x2319a9f4211b9d1dd8d5cfd5266eac5e2cb69ea2a70b633ea9f8deac11b4ec4d,Will the lowest temperature in New York City be between 76-77°F on August 23?,True,False,2026-08-23,2026-08-22,143.0,153.0,886.0523,,"{""Yes"": 0.01, ""No"": 0.99}","[""92331854501114406890782732486050648149419036081783782146869895416355863944794"", ""57886385134129928159238646368632554049697745251836485605418183650283651196115""]",1787425095234,,0.98,0.02,,3466.54,0.0,0.232896,
2026-08-22T18:52:51.415150+00:00,New York City,0x8b3964088dc4f5921476e0f417a6bfa6e2756659cd61871c8f5bd4145974edcc,Will the lowest temperature in New York City be 78°F or higher on August 23?,True,False,2026-08-23,2026-08-22,5.0,15.0,913.0082,,"{""Yes"": 0.01, ""No"": 0.99}","[""74868967738772559701068344511495423353799737045151713312441529878854038744890"", ""79856954817952259451687076098873020309882007444904034332054546862116276250193""]",1787425141821,,0.96,0.04,,1045.55,0.0,0.298522,
2026-08-22T19:38:24.982226+00:00,New York City,0x54dcc4454625f5f1d334566744d9096a1149874f5d960db58b831a74e095b5d5,Will the lowest temperature in New York City be 59°F or below on August 22?,True,False,2026-08-22,2026-08-21,214.018,0.0,1046.19909,,"{""Yes"": 0.0005, ""No"": 0.9995}","[""22176085656247966028331551853638107537470051324335055789558369382929683210343"", ""2267978970326297723553940601314171628859636069224705401708236892850840788574""]",1787425312578,,0.999,0.001,,4091.23,0.0,0.094126,
2026-08-22T19:38:24.982261+00:00,New York City,0x4a329c3c83c03df36dfab693a263300d0681bdac863efe7f81c3271b59f75abd,Will the lowest temperature in New York City be between 60-61°F on August 22?,True,False,2026-08-22,2026-08-21,539.0139999999999,215.99799999999996,902.32141,,"{""Yes"": 0.0005, ""No"": 0.9995}","[""57167492078919856972518558145921607569548726888853941010667963281057213184432"", ""30525319886414391606885741506677872028934770762542779414612397146283819035961""]",1787427819360,,0.999,0.001,,4125.55,0.0,0.108963,
2026-08-22T19:38:24.982275+00:00,New York City,0xef097895a83907dbe3ec3e8d22545bffb5ac4b592dd6170a6eee80ca9cc293bb,Will the lowest temperature in New York City be between 62-63°F on August 22?,True,False,2026-08-22,2026-08-21,412.717665,363.51766499999997,811.23485,,"{""Yes"": 0.0025, ""No"": 0.9975}","[""45681626258458280676213473424882847719722052069172846841022502505853622627439"", ""80011524950630074551789238568474286480241672837405698472638837569921200162148""]",1787427657001,0.001,0.996,0.004,0.999,5701.13,48.68,0.126658,
2026-08-22T19:38:24.982289+00:00,New York City,0x002fc34dd896077b110da622105033345a005b0acb6bd69b0822b3737cb65ddd,Will the lowest temperature in New York City be between 64-65°F on August 22?,True,False,2026-08-22,2026-08-21,785.3625,748.3199500000001,49.7052,,"{""Yes"": 0.05, ""No"": 0.95}","[""63773393739221834104651676663344121685573450563857634042856283335549537102653"", ""88033838603680297674698215778109359526350169078051715115814074079069409687995""]",1787425934882,0.01,0.91,0.09,0.99,134.25,44.49,0.671684,
2026-08-22T19:38:24.982301+00:00,New York City,0xfab18e113307d1f42049c66a1a92ace3e327dd10c09d0c19144bd71783463364,Will the lowest temperature in New York City be between 66-67°F on August 22?,True,False,2026-08-22,2026-08-21,488.393933,392.962962,59.0406,,"{""Yes"": 0.09, ""No"": 0.91}","[""92163698769008901414801228646341607937236816654571095417680419783334040742305"", ""79147634621270984375661486233617478153672859175960026083035358069964394312020""]",1787425602456,0.04,0.86,0.14,0.96,138.89,413.7,0.675773,0.96325
2026-08-22T19:38:24.982316+00:00,New York City,0x5dbe4930a2d69c3974d78c6f145e0ae7aef0afe859945440962589545d15c27e,Will the lowest temperature in New York City be between 68-69°F on August 22?,True,False,2026-08-22,2026-08-21,1513.723918,1418.3280590000002,29.2358,,"{""Yes"": 0.375, ""No"": 0.625}","[""102161550546141171718592932188454213460635585161963173365335629871525879686627"", ""62248823643995751731227370875463031992607697617523717400611442648094026925537""]",1787427828216,0.05,0.33,0.67,0.95,170.65,250.0,0.797178,0.963047
2026-08-22T19:38:24.982329+00:00,New York City,0xeb9437a98c93f75d5cfd1ba36ad11563996c7b48b7722457978ebe12cbea60f3,Will the lowest temperature in New York City be between 70-71°F on August 22?,True,False,2026-08-22,2026-08-21,2378.806997,2253.199696,32.6316,,"{""Yes"": 0.57, ""No"": 0.43}","[""90335072572473530532445096481344729704494866468199046823791889372819977574128"", ""83090340422046528949177736108663528002668483123667297806592548039819000596025""]",1787427804776,0.25,0.11,0.89,0.75,249.92,393.9,0.915682,0.930233
2026-08-22T19:38:24.982342+00:00,New York City,0xbde966425cdd788bd024982a5ee0e119a159c88c0443add283d42df0a493c31b,Will the lowest temperature in New York City be between 72-73°F on August 22?,True,False,2026-08-22,2026-08-21,1001.2411999999999,963.8412000000001,19833.86295,,"{""Yes"": 0.0005, ""No"": 0.9995}","[""77348581478469193025373299675539767896079436532791539162461001183884931566275"", ""25718091385299197858687993541357133666433211818732057358057946891320711386520""]",1787425511167,,0.999,0.001,,4148.84,0.0,0.005038,
2026-08-22T19:38:24.982355+00:00,New York City,0xba96e05af67328c367c660e00a49e84879175db0aa8dda26078624372a685c2e,Will the lowest temperature in New York City be between 74-75°F on August 22?,True,False,2026-08-22,2026-08-21,446.08000000000004,145.04000000000002,19821.60854,,"{""Yes"": 0.0005, ""No"": 0.9995}","[""19535018881362563194304737615410708838997688466633096387809969256217446161129"", ""39876616032408383185314067220007911162055542005557097175729260358462038899765""]",1787427677685,,0.999,0.001,,4156.32,0.0,0.005041,
2026-08-22T19:38:24.982366+00:00,New York City,0xc24073a4e63982d8ed1b569ff89ce337c1e6c14e14e3546affbea9d617643e75,Will the lowest temperature in New York City be between 76-77°F on August 22?,True,False,2026-08-22,2026-08-21,184.0,0.0,20648.48895,,"{""Yes"": 0.0005, ""No"": 0.9995}","[""86814143036964066695108823197756480372562391896588142422103788090182359176122"", ""66590717440993268935187443317507451587097336853789459429433486685779409405047""]",1787425591849,,0.999,0.001,,4128.67,0.0,0.004839,
2026-08-22T19:38:24.982377+00:00,New York City,0x4115b736021acabd1cb943facdc67ba9d7266368233e8580fdd802562333a36e,Will the lowest temperature in New York City be 78°F or higher on August 22?,True,False,2026-08-22,2026-08-21,174.0,0.0,20835.43724,,"{""Yes"": 0.0005, ""No"": 0.9995}","[""82225531464765892409447886498262082024313588109407190388031720876269319106258"", ""74548726440436727656651188714024117760858455945047034132131889162404588900475""]",1787426567123,,0.999,0.001,,4160.92,0.0,0.004796,
2026-08-22T19:38:24.982389+00:00,New York City,0x60e023fc412734dce63432c5e2ec69e609eeb7b86a96351577591431753b5fb5,Will the highest temperature in New York City be 67°F or below on August 22?,True,False,2026-08-22,2026-08-21,7491.437,5000.0,37079.40607,,"{""Yes"": 0.0005, ""No"": 0.9995}","[""58968776578131649117981021315210454022108642050324490888229625074165333799511"", ""41292985683615773710167809043078841084013491213403163839637002881120847403486""]",1787427826338,,0.999,0.001,,4353.16,0.0,0.002701,
2026-08-22T19:38:24.982403+00:00,New York City,0x942d5d8929fcffed966774106f730d780db56b5115c2393001dfaffb7183083a,Will the highest temperature in New York City be between 68-69°F on August 22?,True,False,2026-08-22,2026-08-21,6659.6322,4605.202,39360.11482,,"{""Yes"": 0.0005, ""No"": 0.9995}","[""84961300753189087718453506028435441023757547801371175621706860012430249562729"", ""28516945579299192627698888404531229365159323903892974075223308204806776744087""]",1787427792609,,0.999,0.001,,5649.93,0.0,0.002539,
2026-08-22T19:38:24.982418+00:00,New York City,0x25ce1b7b7387148c413ee3f291856179ed1cc51904837697c67a656f5f7c6550,Will the highest temperature in New York City be between 70-71°F on August 22?,True,False,2026-08-22,2026-08-21,28829.699364999997,28403.351294000004,36183.15547,,"{""Yes"": 0.0005, ""No"": 0.9995}","[""98445577116205349494970594520006863753161724146388949535409280517965398256379"", ""52252001268139384492752364493136390733312855094828301203114436930170445408996""]",1787427792645,,0.999,0.001,,5836.48,0.0,0.002762,
2026-08-22T19:38:24.982428+00:00,New York City,0xe2d07c37d90dc585543f6a8eb8f35a6d773d9f66f5755a29f3e79d294cdede19,Will the highest temperature in New York City be between 72-73°F on August 22?,True,False,2026-08-22,2026-08-21,21453.157619,20550.431043,20486.46082,,"{""Yes"": 0.0005, ""No"": 0.9995}","[""114220303114617076912409921892040505656619131332387439130287480860707576745909"", ""13236288524812527820040865773156239659533617217184028146960115964622087322138""]",1787427792621,,0.999,0.001,,4784.9,0.0,0.004888,
2026-08-22T19:38:24.982437+00:00,New York City,0x6727f7f15d2b8ea1f006316669329f60dd0ab606804001e1dbca2dbd9b2dfa5c,Will the highest temperature in New York City be between 74-75°F on August 22?,True,False,2026-08-22,2026-08-21,16943.04493899999,13748.812205000002,5340.8505,,"{""Yes"": 0.0015, ""No"": 0.9985}","[""90081247998737697857319215891369197249427667829382780475732070333954048890030"", ""58103310499352188449263875038377397364480312690044039250975224628229161783444""]",1787427792714,,0.999,0.001,,9622.68,0.0,0.013006,
2026-08-22T19:38:24.982446+00:00,New York City,0x7006795b6e514c73ff43ff60ef2a19cff95a577e95beda17cd301995695383d7,Will the highest temperature in New York City be between 76-77°F on August 22?,True,False,2026-08-22,2026-08-21,8588.531078999998,7475.0350690000005,445.9237,,"{""Yes"": 0.845, ""No"": 0.155}","[""51395141563796878258814105826509377342667166367686163704949255870609779201923"", ""50000293278698818965769428661779246637782788825829140395290118342754901858104""]",1787427816215,0.86,0.1,0.9,0.14,1691.15,3873.42,0.903815,0.237271
2026-08-22T19:38:24.982455+00:00,New York City,0x6e378c63553894bcef76fcec43468bcb44381ebd38714f4d422fc812d9861364,Will the highest temperature in New York City be between 78-79°F on August 22?,True,False,2026-08-22,2026-08-21,9892.268244999996,8746.036034,227.286,,"{""Yes"": 0.14, ""No"": 0.86}","[""83791725590918781771172010388732187290846129006883104378432893557012227941485"", ""10888944644112166978679204926526714075321060019023309634645096996066942947028""]",1787427813234,0.08,0.87,0.13,0.92,735.92,1543.67,0.330748,0.923489
2026-08-22T19:38:24.982463+00:00,New York City,0x258d8e49414b645925e1525e4731d67f4121e13158a22078c77e935fa828776a,Will the highest temperature in New York City be between 80-81°F on August 22?,True,False,2026-08-22,2026-08-21,8791.639420000001,7733.682938000001,706.2595,,"{""Yes"": 0.0075, ""No"": 0.9925}","[""81398495580226134126340144488134510473693886599282393729088984636977861277750"", ""101162327800347123206682925721698241104250753673368978572687582424157202081976""]",1787427803743,0.002,0.987,0.013,0.998,2383.9,2887.12,0.167626,0.998
2026-08-22T19:38:24.982471+00:00,New York City,0xe73b08187095283569e9a87dd424921002c74bcd681135800db6930184f116df,Will the highest temperature in New York City be between 82-83°F on August 22?,True,False,2026-08-22,2026-08-21,2693.9582489999993,2335.3238489999994,2033.37278,,"{""Yes"": 0.0005, ""No"": 0.9995}","[""91237721705643528495040541693062976800336043664250418638214660931067071210350"", ""75202635143193836646670253443450412825867995093768447209082447765313777913441""]",1787427792618,,0.999,0.001,,5605.65,0.0,0.048039,
2026-08-22T19:38:24.982479+00:00,New York City,0xa416a8b75e923ab23c6ad6babfc8a5da546c916c38a0bd86b062a5014a9b8cb4,Will the highest temperature in New York City be between 84-85°F on August 22?,True,False,2026-08-22,2026-08-21,1628.1295209999998,1152.143521,2164.86478,,"{""Yes"": 0.0005, ""No"": 0.9995}","[""32360688754587735790786636279225748224694138602650279984483573554774374694175"", ""26482122304855412186853138691363032087124653199807408125248748200267488038488""]",1787427792602,,0.999,0.001,,5669.85,0.0,0.054071,
2026-08-22T19:38:24.982487+00:00,New York City,0x9ab60f8814fed31200b36bd471d321d08231ab90b7ba3374f33ffb27b937d95d,Will the highest temperature in New York City be 86°F or higher on August 22?,True,False,2026-08-22,2026-08-21,485.74100000000004,0.0,2557.07514,,"{""Yes"": 0.0005, ""No"": 0.9995}","[""90802258199338684283763723709032693428714550902326081212921238210093757590330"", ""33198940399963249879376800329359855327762908607906799967233256383860226344780""]",1787427792633,,0.999,0.001,,4300.68,0.0,0.038996,
2026-08-22T19:38:24.982496+00:00,New York City,0xc9036371f91975f3035eaef6b8a90505300d2ed6c381e5a091f34e6f525b6c30,Will the highest temperature in New York City be 73°F or below on August 23?,True,False,2026-08-23,2026-08-22,292.358772,302.358772,944.76362,,"{""Yes"": 0.0125, ""No"": 0.9875}","[""10501517808396503559679062613105280076493552725081490906123917029764933569068"", ""16539930148426566991001386772640020336886809696306294033523665045132545318797""]",1787427692841,0.01,0.985,0.015,0.99,7158.67,274.13,0.114806,0.992992
2026-08-22T19:38:24.982505+00:00,New York City,0xfdd31b8352a5c8771b662fcdb464c773cc1d11bf974e659cb70f9ffa69f1d971,Will the highest temperature in New York City be between 74-75°F on August 23?,True,False,2026-08-23,2026-08-22,305.73558299999996,315.73558299999996,1199.05178,,"{""Yes"": 0.022, ""No"": 0.978}","[""112593911214148767251997447162048098507025776011516821062683980433117487587204"", ""28774677088252630300905164900322307897288593922313256849914430510520303670187""]",1787427740978,0.01,0.974,0.026,0.99,1995.79,808.24,0.265488,0.993801
2026-08-22T19:38:24.982513+00:00,New York City,0xdff8dcf4bbc37881731bc3cd7d4ac6c9ebcadc43d2cc04451ca6d50700567d34,Will the highest temperature in New York City be between 76-77°F on August 23?,True,False,2026-08-23,2026-08-22,1349.527644,1359.527644,2451.37923,,"{""Yes"": 0.019, ""No"": 0.981}","[""62829073598251019513915763061620999817960159076895788159212448057654320897962"", ""84041388028731725957829593393523520675880853212883236770194889568065753948580""]",1787427691308,0.011,0.973,0.027,0.989,22541.16,1557.46,0.14583,0.990505
2026-08-22T19:38:24.982521+00:00,New York City,0x16a2264e070d745d1181c9892bf39e12b9dcb300f521ef75e8715327e48f5429,Will the highest temperature in New York City be between 78-79°F on August 23?,True,False,2026-08-23,2026-08-22,532.632341,544.822341,1845.863,,"{""Yes"": 0.12, ""No"": 0.88}","[""99008833481370731920855473787773616780163563011492750734789352629703483318767"", ""44828389890422355055512282211707089824388453115742352625652849918528510892634""]",1787427772685,0.11,0.87,0.13,0.89,9932.69,2716.15,0.160885,0.8933
2026-08-22T19:38:24.982529+00:00,New York City,0x96643f2898239f932349a05ae7f2c35559619ffb85c5392bb409397a2033da2a,Will the highest temperature in New York City be between 80-81°F on August 23?,True,False,2026-08-23,2026-08-22,1569.2417959999998,1579.2417959999998,1457.1478,,"{""Yes"": 0.275, ""No"": 0.725}","[""38471214694170037984973568648626321853290574777070945187168512580638224047691"", ""57259393671183172582735310615165731463003209662048889377423041072317121773930""]",1787427829739,0.26,0.71,0.3,0.74,7507.77,3976.94,0.311133,0.74
2026-08-22T19:38:24.982537+00:00,New York City,0xb7ac66dbfe44ae9a9bc7aba9774d8f06cfd2d777155025993654263adf78ac13,Will the highest temperature in New York City be between 82-83°F on August 23?,True,False,2026-08-23,2026-08-22,1656.7212220000001,1674.211222,521.378,,"{""Yes"": 0.35, ""No"": 0.65}","[""38902169854652465630947854107317854773848010553570595835561074295476091954219"", ""6880128462746070135371935773408905637598101683104843419847437315115438647321""]",1787427744751,0.35,0.64,0.36,0.65,9315.5,3177.52,0.365108,0.663803
2026-08-22T19:38:24.982545+00:00,New York City,0x714f5f1a3a9e8549a6390de8ee6faf63d888a3ab2954cea29c21c8cf4d3ea803,Will the highest temperature in New York City be between 84-85°F on August 23?,True,False,2026-08-23,2026-08-22,1519.2605959999996,1555.2605959999996,1315.0043,,"{""Yes"": 0.15, ""No"": 0.85}","[""17038710002793063990392478273767776431217094462603108901566464212730505441264"", ""53289516700889681580133774628163618738689195710639848372945100123825138670438""]",1787427786193,0.14,0.84,0.16,0.86,10575.53,2799.65,0.204902,0.86
2026-08-22T19:38:24.982553+00:00,New York City,0xc61a4545e137bab8119d71e25184238450e011383cb9906667c8562762ae56ea,Will the highest temperature in New York City be between 86-87°F on August 23?,True,False,2026-08-23,2026-08-22,343.60365,353.60365,480.4692,,"{""Yes"": 0.035, ""No"": 0.965}","[""103608175012448499910775714089032094918845576128750358412668580846019845532387"", ""113385366596592597814917790331990980266455298839766004097226405663918192965083""]",1787427691378,0.03,0.96,0.04,0.97,1677.39,477.94,0.280097,0.97
2026-08-22T19:38:24.982561+00:00,New York City,0x97eeb6e6a72cb792b68e9a9454aa7c3f7e74746393900643b3b162547a587c95,Will the highest temperature in New York City be between 88-89°F on August 23?,True,False,2026-08-23,2026-08-22,185.61834100000002,195.61834100000002,629.43694,,"{""Yes"": 0.018, ""No"": 0.982}","[""114838494395643787940169365281062314792066024869237367327695044887469706733593"", ""109900369320075389007190344200979532199724927951718771892516491750534698347746""]",1787427782747,0.008,0.973,0.027,0.992,12023.44,1331.8,0.182594,0.993106
2026-08-22T19:38:24.982569+00:00,New York City,0xb33ea35df7e20788eb863a8913b0d04ebd7c0d900d6b54ca5b7264b41280b06d,Will the highest temperature in New York City be between 90-91°F on August 23?,True,False,2026-08-23,2026-08-22,139.5985,149.5985,605.71748,,"{""Yes"": 0.004, ""No"": 0.996}","[""56081030867967291153857547461153886031899854227951226713971332403073818045533"", ""12246287985759348649967848152152215415064867795192738483400415644170095101704""]",1787427691283,0.001,0.993,0.007,0.999,12441.44,49.95,0.16657,
2026-08-22T19:38:24.982576+00:00,New York City,0xd81e24363e9032f71e4b3bcc6172b8658d30cae6ca793521e6aedae693d44443,Will the highest temperature in New York City be 92°F or higher on August 23?,True,False,2026-08-23,2026-08-22,247.62349999999998,257.6235,799.51393,,"{""Yes"": 0.0045, ""No"": 0.9955}","[""96059710701050699345409109008774733443452819159964144536091672091931640669656"", ""82164490970881232273561758214562714222586308963935020439603047630558572723413""]",1787427803726,0.002,0.993,0.007,0.998,7580.79,114.76,0.212735,0.998
2026-08-22T19:38:24.982584+00:00,New York City,0xf54c033197acc057350bcb3f6d5f2feda7c8bb850920f008479e6a05f8d97801,Will the lowest temperature in New York City be 59°F or below on August 23?,True,False,2026-08-23,2026-08-22,35.190180000000005,40.19018,207.05997,,"{""Yes"": 0.0465, ""No"": 0.9535}","[""41913461189028344507895252785216841444603178472297165560331836124148706365467"", ""91015721423101112190959656039967433816753262625439181065136100173982143003079""]",1787427783461,0.001,0.983,0.017,0.999,6001.38,54.95,0.268973,
2026-08-22T19:38:24.982592+00:00,New York City,0x5a980885aaeebbaa301e96b374d8848428ed688d9ad421fec2e0403206880bda,Will the lowest temperature in New York City be between 60-61°F on August 23?,True,False,2026-08-23,2026-08-22,10.0,15.0,125.42788,,"{""Yes"": 0.286, ""No"": 0.714}","[""34708389771261436513875651680918471994008182689217040058196582123745422313544"", ""92148277642001454670628007038423530304847052222229790925054881143767927985130""]",1787427729910,0.002,0.451,0.549,0.998,905.48,74.91,0.553185,
2026-08-22T19:38:24.982599+00:00,New York City,0x6191fa410034adab4ec97add27d9dafd007900dbca4e2c3cb7acb9e6228127ad,Will the lowest temperature in New York City be between 62-63°F on August 23?,True,False,2026-08-23,2026-08-22,30.04,44.68285,89.644,,"{""Yes"": 0.085, ""No"": 0.915}","[""25571084448407965069777688199749495797456120322699899958504451972139602637736"", ""111247815246430826017067494082678694522123993199889962038977612676826346203282""]",1787427510915,0.02,0.86,0.14,0.98,140.29,526.46,0.713972,0.985075
2026-08-22T19:38:24.982607+00:00,New York City,0xc98a211856bd6009ae6611104676cf119438cfb7092fce98bea36542ce3fa49d,Will the lowest temperature in New York City be between 64-65°F on August 23?,True,False,2026-08-23,2026-08-22,77.989125,77.989125,115.5251,,"{""Yes"": 0.21, ""No"": 0.79}","[""81814558559019248028254087088241572223430133435721336539678062917305548908416"", ""26049116177937411211761011915147615512055879083869278830198611672766524328465""]",1787427771871,0.01,0.62,0.38,0.99,204.46,4.95,0.478284,
2026-08-22T19:38:24.982615+00:00,New York City,0x07546d5d4dc1731b628ae465ff0c3c8b9569d00865a0b98ebb37c3796b541924,Will the lowest temperature in New York City be between 66-67°F on August 23?,True,False,2026-08-23,2026-08-22,25.22222,25.22222,113.8088,,"{""Yes"": 0.3, ""No"": 0.7}","[""27741605023909144744600208994630187557025032271603385158433763556840509191923"", ""32313089525816244992767397782013546351091861012806371928399928016639714626131""]",1787427678168,0.03,0.45,0.55,0.97,252.06,947.83,0.555767,0.981008
2026-08-22T19:38:24.982623+00:00,New York City,0x5f831087882c112ea8a710483b9fac76def107d07363d55b3cd8f02ad60cb784,Will the lowest temperature in New York City be between 68-69°F on August 23?,True,False,2026-08-23,2026-08-22,43.709676,43.709676,101.3137,,"{""Yes"": 0.45, ""No"": 0.55}","[""62731327394872024260018077248079612250729736322196134319497499153154357694890"", ""77942760536036459065628831918667521873575363585765768263676138781889777487108""]",1787427571760,0.2,0.3,0.7,0.8,289.74,596.71,0.794174,0.845624
2026-08-22T19:38:24.982630+00:00,New York City,0x6e41bc702e225ebee2ef744e36575b0beb00cae5f8d7c4965a6839b908a7bbef,Will the lowest temperature in New York City be between 70-71°F on August 23?,True,False,2026-08-23,2026-08-22,92.25849000000001,92.25849,164.0628,,"{""Yes"": 0.37, ""No"": 0.63}","[""97929326759611566086045398151294653654679302920327882000632632383469767154285"", ""94968669357615007409266742991227210201417230062690320900279905223637984197950""]",1787427696488,0.15,0.39,0.61,0.85,540.85,699.64,0.6255,0.859428
2026-08-22T19:38:24.982637+00:00,New York City,0x3c1bffbc72d1170a3c402357bf013b8823d3900c49c8b37eb63b240e397a5373,Will the lowest temperature in New York City be between 72-73°F on August 23?,True,False,2026-08-23,2026-08-22,319.83344300000005,319.83344300000005,314.884,,"{""Yes"": 0.165, ""No"": 0.835}","[""31445166572879133259435842922747699234629564073372047282691875686213207469126"", ""98981965662187048906475461859543917805124754119113895151772985911396791238194""]",1787427722760,0.07,0.74,0.26,0.93,2398.88,1711.49,0.404422,0.93866
2026-08-22T19:38:24.982645+00:00,New York City,0x97dfd04eae5361848b9caf0e379b837a8037b6404039ad37323a971d58f098e4,Will the lowest temperature in New York City be between 74-75°F on August 23?,True,False,2026-08-23,2026-08-22,90.991427,100.991427,94.7631,,"{""Yes"": 0.105, ""No"": 0.895}","[""41714088549412194627884398821390833657416130732117532517431298221072732288703"", ""62842949275880786458820919355393417558406061876802088275856269429081131191378""]",1787427746241,,0.8,0.2,,400.53,0.0,0.650909,
2026-08-22T19:38:24.982652+00:00,New York City,0x2319a9f4211b9d1dd8d5cfd5266eac5e2cb69ea2a70b633ea9f8deac11b4ec4d,Will the lowest temperature in New York City be between 76-77°F on August 23?,True,False,2026-08-23,2026-08-22,143.0,153.0,94.4533,,"{""Yes"": 0.28, ""No"": 0.72}","[""92331854501114406890782732486050648149419036081783782146869895416355863944794"", ""57886385134129928159238646368632554049697745251836485605418183650283651196115""]",1787427719821,,0.46,0.54,,248.31,0.0,0.540668,
2026-08-22T19:38:24.982660+00:00,New York City,0x8b3964088dc4f5921476e0f417a6bfa6e2756659cd61871c8f5bd4145974edcc,Will the lowest temperature in New York City be 78°F or higher on August 23?,True,False,2026-08-23,2026-08-22,5.0,15.0,43.4699,,"{""Yes"": 0.305, ""No"": 0.695}","[""74868967738772559701068344511495423353799737045151713312441529878854038744890"", ""79856954817952259451687076098873020309882007444904034332054546862116276250193""]",1787427772573,,0.43,0.57,,287.54,0.0,0.704082,
2026-08-22T20:43:04.897671+00:00,New York City,0x54dcc4454625f5f1d334566744d9096a1149874f5d960db58b831a74e095b5d5,Will the lowest temperature in New York City be 59°F or below on August 22?,True,False,2026-08-22,2026-08-21,214.018,0.0,1046.19909,,"{""Yes"": 0.0005, ""No"": 0.9995}","[""22176085656247966028331551853638107537470051324335055789558369382929683210343"", ""2267978970326297723553940601314171628859636069224705401708236892850840788574""]",1787428887691,,0.999,0.001,,4091.23,0.0,0.094126,
2026-08-22T20:43:04.897732+00:00,New York City,0x4a329c3c83c03df36dfab693a263300d0681bdac863efe7f81c3271b59f75abd,Will the lowest temperature in New York City be between 60-61°F on August 22?,True,False,2026-08-22,2026-08-21,539.0139999999999,215.99799999999996,888.8215,,"{""Yes"": 0.0005, ""No"": 0.9995}","[""57167492078919856972518558145921607569548726888853941010667963281057213184432"", ""30525319886414391606885741506677872028934770762542779414612397146283819035961""]",1787431124105,,0.999,0.001,,4089.03,0.0,0.110488,
2026-08-22T20:43:04.897750+00:00,New York City,0xef097895a83907dbe3ec3e8d22545bffb5ac4b592dd6170a6eee80ca9cc293bb,Will the lowest temperature in New York City be between 62-63°F on August 22?,True,False,2026-08-22,2026-08-21,412.717665,161.247665,779.33474,,"{""Yes"": 0.0025, ""No"": 0.9975}","[""45681626258458280676213473424882847719722052069172846841022502505853622627439"", ""80011524950630074551789238568474286480241672837405698472638837569921200162148""]",1787431685000,0.001,0.996,0.004,0.999,4888.47,48.68,0.128492,
2026-08-22T20:43:04.897767+00:00,New York City,0x002fc34dd896077b110da622105033345a005b0acb6bd69b0822b3737cb65ddd,Will the lowest temperature in New York City be between 64-65°F on August 22?,True,False,2026-08-22,2026-08-21,785.3625000000001,723.3199500000001,36.2052,,"{""Yes"": 0.05, ""No"": 0.95}","[""63773393739221834104651676663344121685573450563857634042856283335549537102653"", ""88033838603680297674698215778109359526350169078051715115814074079069409687995""]",1787428887916,0.01,0.91,0.09,0.99,97.75,44.49,,
2026-08-22T20:43:04.897783+00:00,New York City,0xfab18e113307d1f42049c66a1a92ace3e327dd10c09d0c19144bd71783463364,Will the lowest temperature in New York City be between 66-67°F on August 22?,True,False,2026-08-22,2026-08-21,488.393933,367.962962,48.0406,,"{""Yes"": 0.09, ""No"": 0.91}","[""92163698769008901414801228646341607937236816654571095417680419783334040742305"", ""79147634621270984375661486233617478153672859175960026083035358069964394312020""]",1787428887997,0.04,0.86,0.14,0.96,109.89,413.7,0.728483,0.96325
2026-08-22T20:43:04.897804+00:00,New York City,0x5dbe4930a2d69c3974d78c6f145e0ae7aef0afe859945440962589545d15c27e,Will the lowest temperature in New York City be between 68-69°F on August 22?,True,False,2026-08-22,2026-08-21,1549.8239179999998,1309.251907,39.2185,,"{""Yes"": 0.245, ""No"": 0.755}","[""102161550546141171718592932188454213460635585161963173365335629871525879686627"", ""62248823643995751731227370875463031992607697617523717400611442648094026925537""]",1787431073703,0.25,0.57,0.43,0.75,162.8,240.41,0.758848,0.929119
2026-08-22T20:43:04.897821+00:00,New York City,0xeb9437a98c93f75d5cfd1ba36ad11563996c7b48b7722457978ebe12cbea60f3,Will the lowest temperature in New York City be between 70-71°F on August 22?,True,False,2026-08-22,2026-08-21,2404.9569970000002,2250.3496959999998,39.185,,"{""Yes"": 0.685, ""No"": 0.315}","[""90335072572473530532445096481344729704494866468199046823791889372819977574128"", ""83090340422046528949177736108663528002668483123667297806592548039819000596025""]",1787431656862,0.38,0.26,0.74,0.62,233.56,428.72,0.872115,0.931216
2026-08-22T20:43:04.897837+00:00,New York City,0xbde966425cdd788bd024982a5ee0e119a159c88c0443add283d42df0a493c31b,Will the lowest temperature in New York City be between 72-73°F on August 22?,True,False,2026-08-22,2026-08-21,1001.2412,940.8412000000001,19827.86295,,"{""Yes"": 0.0005, ""No"": 0.9995}","[""77348581478469193025373299675539767896079436532791539162461001183884931566275"", ""25718091385299197858687993541357133666433211818732057358057946891320711386520""]",1787428809674,,0.999,0.001,,4134.84,0.0,0.00504,
2026-08-22T20:43:04.897855+00:00,New York City,0xba96e05af67328c367c660e00a49e84879175db0aa8dda26078624372a685c2e,Will the lowest temperature in New York City be between 74-75°F on August 22?,True,False,2026-08-22,2026-08-21,446.08000000000004,120.04,19815.60854,,"{""Yes"": 0.0005, ""No"": 0.9995}","[""19535018881362563194304737615410708838997688466633096387809969256217446161129"", ""39876616032408383185314067220007911162055542005557097175729260358462038899765""]",1787431531586,,0.999,0.001,,4142.32,0.0,0.005043,
2026-08-22T20:43:04.897872+00:00,New York City,0xc24073a4e63982d8ed1b569ff89ce337c1e6c14e14e3546affbea9d617643e75,Will the lowest temperature in New York City be between 76-77°F on August 22?,True,False,2026-08-22,2026-08-21,184.0,0.0,20648.48895,,"{""Yes"": 0.0005, ""No"": 0.9995}","[""86814143036964066695108823197756480372562391896588142422103788090182359176122"", ""66590717440993268935187443317507451587097336853789459429433486685779409405047""]",1787431094746,,0.999,0.001,,4128.65,0.0,0.004844,
2026-08-22T20:43:04.897887+00:00,New York City,0x4115b736021acabd1cb943facdc67ba9d7266368233e8580fdd802562333a36e,Will the lowest temperature in New York City be 78°F or higher on August 22?,True,False,2026-08-22,2026-08-21,174.0,0.0,20743.75912,,"{""Yes"": 0.0005, ""No"": 0.9995}","[""82225531464765892409447886498262082024313588109407190388031720876269319106258"", ""74548726440436727656651188714024117760858455945047034132131889162404588900475""]",1787428774341,,0.999,0.001,,4160.84,0.0,0.004817,
2026-08-22T20:43:04.897902+00:00,New York City,0x60e023fc412734dce63432c5e2ec69e609eeb7b86a96351577591431753b5fb5,Will the highest temperature in New York City be 67°F or below on August 22?,True,False,2026-08-22,2026-08-21,7491.437,5000.0,36908.13648,,"{""Yes"": 0.0005, ""No"": 0.9995}","[""58968776578131649117981021315210454022108642050324490888229625074165333799511"", ""41292985683615773710167809043078841084013491213403163839637002881120847403486""]",1787431729374,,0.999,0.001,,4344.53,0.0,0.002716,
2026-08-22T20:43:04.897918+00:00,New York City,0x942d5d8929fcffed966774106f730d780db56b5115c2393001dfaffb7183083a,Will the highest temperature in New York City be between 68-69°F on August 22?,True,False,2026-08-22,2026-08-21,6659.632200000001,4605.202,39289.21868,,"{""Yes"": 0.0005, ""No"": 0.9995}","[""84961300753189087718453506028435441023757547801371175621706860012430249562729"", ""28516945579299192627698888404531229365159323903892974075223308204806776744087""]",1787431681001,,0.999,0.001,,4413.58,0.0,0.002544,
2026-08-22T20:43:04.897932+00:00,New York City,0x25ce1b7b7387148c413ee3f291856179ed1cc51904837697c67a656f5f7c6550,Will the highest temperature in New York City be between 70-71°F on August 22?,True,False,2026-08-22,2026-08-21,28829.699365,28399.043794000005,36144.35423,,"{""Yes"": 0.0005, ""No"": 0.9995}","[""98445577116205349494970594520006863753161724146388949535409280517965398256379"", ""52252001268139384492752364493136390733312855094828301203114436930170445408996""]",1787431680730,,0.999,0.001,,4582.38,0.0,0.002766,
2026-08-22T20:43:04.897948+00:00,New York City,0xe2d07c37d90dc585543f6a8eb8f35a6d773d9f66f5755a29f3e79d294cdede19,Will the highest temperature in New York City be between 72-73°F on August 22?,True,False,2026-08-22,2026-08-21,21454.187619,20434.462543000005,28986.75685,,"{""Yes"": 0.0005, ""No"": 0.9995}","[""114220303114617076912409921892040505656619131332387439130287480860707576745909"", ""13236288524812527820040865773156239659533617217184028146960115964622087322138""]",1787431680730,,0.999,0.001,,4486.98,0.0,0.003453,
2026-08-22T20:43:04.897963+00:00,New York City,0x6727f7f15d2b8ea1f006316669329f60dd0ab606804001e1dbca2dbd9b2dfa5c,Will the highest temperature in New York City be between 74-75°F on August 22?,True,False,2026-08-22,2026-08-21,17172.504939000002,13963.557600000002,38308.08854,,"{""Yes"": 0.0005, ""No"": 0.9995}","[""90081247998737697857319215891369197249427667829382780475732070333954048890030"", ""58103310499352188449263875038377397364480312690044039250975224628229161783444""]",1787431680853,,0.999,0.001,,9394.11,0.0,0.002621,
2026-08-22T20:43:04.897979+00:00,New York City,0x7006795b6e514c73ff43ff60ef2a19cff95a577e95beda17cd301995695383d7,Will the highest temperature in New York City be between 76-77°F on August 22?,True,False,2026-08-22,2026-08-21,9374.491778000001,8178.485768000001,256.9592,,"{""Yes"": 0.955, ""No"": 0.045}","[""51395141563796878258814105826509377342667166367686163704949255870609779201923"", ""50000293278698818965769428661779246637782788825829140395290118342754901858104""]",1787431711047,0.96,0.02,0.98,0.04,455.52,976.98,0.98,0.40408
2026-08-22T20:43:04.897993+00:00,New York City,0x6e378c63553894bcef76fcec43468bcb44381ebd38714f4d422fc812d9861364,Will the highest temperature in New York City be between 78-79°F on August 22?,True,False,2026-08-22,2026-08-21,10450.915122,9300.372572999999,107.475,,"{""Yes"": 0.045, ""No"": 0.955}","[""83791725590918781771172010388732187290846129006883104378432893557012227941485"", ""10888944644112166978679204926526714075321060019023309634645096996066942947028""]",1787431725825,0.02,0.95,0.05,0.98,592.11,229.06,0.686704,0.989011
2026-08-22T20:43:04.898010+00:00,New York City,0x258d8e49414b645925e1525e4731d67f4121e13158a22078c77e935fa828776a,Will the highest temperature in New York City be between 80-81°F on August 22?,True,False,2026-08-22,2026-08-21,9078.769419999999,8016.503672000001,510.51014,,"{""Yes"": 0.0075, ""No"": 0.9925}","[""81398495580226134126340144488134510473693886599282393729088984636977861277750"", ""101162327800347123206682925721698241104250753673368978572687582424157202081976""]",1787431731532,0.001,0.99,0.01,0.999,5366.23,2458.38,0.122648,0.999
2026-08-22T20:43:04.898021+00:00,New York City,0xe73b08187095283569e9a87dd424921002c74bcd681135800db6930184f116df,Will the highest temperature in New York City be between 82-83°F on August 22?,True,False,2026-08-22,2026-08-21,2693.9582490000003,2320.919848999999,1820.91971,,"{""Yes"": 0.0005, ""No"": 0.9995}","[""91237721705643528495040541693062976800336043664250418638214660931067071210350"", ""75202635143193836646670253443450412825867995093768447209082447765313777913441""]",1787431731361,,0.999,0.001,,4372.06,0.0,0.054144,
2026-08-22T20:43:04.898030+00:00,New York City,0xa416a8b75e923ab23c6ad6babfc8a5da546c916c38a0bd86b062a5014a9b8cb4,Will the highest temperature in New York City be between 84-85°F on August 22?,True,False,2026-08-22,2026-08-21,1628.1295209999998,1152.143521,1637.1331,,"{""Yes"": 0.0005, ""No"": 0.9995}","[""32360688754587735790786636279225748224694138602650279984483573554774374694175"", ""26482122304855412186853138691363032087124653199807408125248748200267488038488""]",1787431731257,,0.999,0.001,,4431.72,0.0,0.061352,
2026-08-22T20:43:04.898040+00:00,New York City,0x9ab60f8814fed31200b36bd471d321d08231ab90b7ba3374f33ffb27b937d95d,Will the highest temperature in New York City be 86°F or higher on August 22?,True,False,2026-08-22,2026-08-21,485.74100000000004,0.0,2492.1896,,"{""Yes"": 0.0005, ""No"": 0.9995}","[""90802258199338684283763723709032693428714550902326081212921238210093757590330"", ""33198940399963249879376800329359855327762908607906799967233256383860226344780""]",1787431680730,,0.999,0.001,,4291.71,0.0,0.040339,
2026-08-22T20:43:04.898050+00:00,New York City,0xc9036371f91975f3035eaef6b8a90505300d2ed6c381e5a091f34e6f525b6c30,Will the highest temperature in New York City be 73°F or below on August 23?,True,False,2026-08-23,2026-08-22,302.358772,312.358772,1574.30331,,"{""Yes"": 0.0105, ""No"": 0.9895}","[""10501517808396503559679062613105280076493552725081490906123917029764933569068"", ""16539930148426566991001386772640020336886809696306294033523665045132545318797""]",1787431683003,0.002,0.991,0.009,0.998,7379.02,332.57,0.105902,0.998
2026-08-22T20:43:04.898061+00:00,New York City,0xfdd31b8352a5c8771b662fcdb464c773cc1d11bf974e659cb70f9ffa69f1d971,Will the highest temperature in New York City be between 74-75°F on August 23?,True,False,2026-08-23,2026-08-22,305.73558299999996,315.73558299999996,455.6213,,"{""Yes"": 0.0185, ""No"": 0.9815}","[""112593911214148767251997447162048098507025776011516821062683980433117487587204"", ""28774677088252630300905164900322307897288593922313256849914430510520303670187""]",1787431657965,0.01,0.973,0.027,0.99,1501.29,1125.98,0.268833,0.992653
2026-08-22T20:43:04.898071+00:00,New York City,0xdff8dcf4bbc37881731bc3cd7d4ac6c9ebcadc43d2cc04451ca6d50700567d34,Will the highest temperature in New York City be between 76-77°F on August 23?,True,False,2026-08-23,2026-08-22,1349.527644,1359.527644,2552.23841,,"{""Yes"": 0.019, ""No"": 0.981}","[""62829073598251019513915763061620999817960159076895788159212448057654320897962"", ""84041388028731725957829593393523520675880853212883236770194889568065753948580""]",1787431497560,0.011,0.973,0.027,0.989,22623.79,1527.74,0.144747,0.990802
2026-08-22T20:43:04.898081+00:00,New York City,0x16a2264e070d745d1181c9892bf39e12b9dcb300f521ef75e8715327e48f5429,Will the highest temperature in New York City be between 78-79°F on August 23?,True,False,2026-08-23,2026-08-22,579.9114240000001,592.1014240000001,1769.0821,,"{""Yes"": 0.09, ""No"": 0.91}","[""99008833481370731920855473787773616780163563011492750734789352629703483318767"", ""44828389890422355055512282211707089824388453115742352625652849918528510892634""]",1787431731472,0.08,0.9,0.1,0.92,5754.62,3991.23,0.166829,0.926148
2026-08-22T20:43:04.898090+00:00,New York City,0x96643f2898239f932349a05ae7f2c35559619ffb85c5392bb409397a2033da2a,Will the highest temperature in New York City be between 80-81°F on August 23?,True,False,2026-08-23,2026-08-22,1575.593146,1585.593146,3026.7136,,"{""Yes"": 0.265, ""No"": 0.735}","[""38471214694170037984973568648626321853290574777070945187168512580638224047691"", ""57259393671183172582735310615165731463003209662048889377423041072317121773930""]",1787431731425,0.26,0.73,0.27,0.74,6704.72,10029.27,0.274986,0.74
2026-08-22T20:43:04.898100+00:00,New York City,0xb7ac66dbfe44ae9a9bc7aba9774d8f06cfd2d777155025993654263adf78ac13,Will the highest temperature in New York City be between 82-83°F on August 23?,True,False,2026-08-23,2026-08-22,2089.071222,2106.5612220000003,1454.7138,,"{""Yes"": 0.415, ""No"": 0.585}","[""38902169854652465630947854107317854773848010553570595835561074295476091954219"", ""6880128462746070135371935773408905637598101683104843419847437315115438647321""]",1787431731467,0.41,0.58,0.42,0.59,2252.28,8505.71,0.432008,0.592233
2026-08-22T20:43:04.898108+00:00,New York City,0x714f5f1a3a9e8549a6390de8ee6faf63d888a3ab2954cea29c21c8cf4d3ea803,Will the highest temperature in New York City be between 84-85°F on August 23?,True,False,2026-08-23,2026-08-22,1519.260596,1555.2605959999996,336.7999,,"{""Yes"": 0.165, ""No"": 0.835}","[""17038710002793063990392478273767776431217094462603108901566464212730505441264"", ""53289516700889681580133774628163618738689195710639848372945100123825138670438""]",1787431731341,0.18,0.81,0.19,0.82,1094.56,3928.0,0.385402,0.828376
2026-08-22T20:43:04.898117+00:00,New York City,0xc61a4545e137bab8119d71e25184238450e011383cb9906667c8562762ae56ea,Will the highest temperature in New York City be between 86-87°F on August 23?,True,False,2026-08-23,2026-08-22,368.60365,378.60365,434.0904,,"{""Yes"": 0.035, ""No"": 0.965}","[""103608175012448499910775714089032094918845576128750358412668580846019845532387"", ""113385366596592597814917790331990980266455298839766004097226405663918192965083""]",1787431716494,0.03,0.96,0.04,0.97,1517.53,408.61,0.294874,0.97
2026-08-22T20:43:04.898125+00:00,New York City,0x97eeb6e6a72cb792b68e9a9454aa7c3f7e74746393900643b3b162547a587c95,Will the highest temperature in New York City be between 88-89°F on August 23?,True,False,2026-08-23,2026-08-22,185.618341,195.61834100000002,956.06099,,"{""Yes"": 0.017, ""No"": 0.983}","[""114838494395643787940169365281062314792066024869237367327695044887469706733593"", ""109900369320075389007190344200979532199724927951718771892516491750534698347746""]",1787431724192,0.008,0.974,0.026,0.992,7453.79,1331.8,0.187748,0.993106
2026-08-22T20:43:04.898134+00:00,New York City,0xb33ea35df7e20788eb863a8913b0d04ebd7c0d900d6b54ca5b7264b41280b06d,Will the highest temperature in New York City be between 90-91°F on August 23?,True,False,2026-08-23,2026-08-22,139.5985,149.5985,1662.50383,,"{""Yes"": 0.0025, ""No"": 0.9975}","[""56081030867967291153857547461153886031899854227951226713971332403073818045533"", ""12246287985759348649967848152152215415064867795192738483400415644170095101704""]",1787431664888,0.001,0.995,0.005,0.999,7754.48,49.95,0.113996,
2026-08-22T20:43:04.898142+00:00,New York City,0xd81e24363e9032f71e4b3bcc6172b8658d30cae6ca793521e6aedae693d44443,Will the highest temperature in New York City be 92°F or higher on August 23?,True,False,2026-08-23,2026-08-22,247.62349999999998,257.6235,1079.72013,,"{""Yes"": 0.004, ""No"": 0.996}","[""96059710701050699345409109008774733443452819159964144536091672091931640669656"", ""82164490970881232273561758214562714222586308963935020439603047630558572723413""]",1787431690201,0.002,0.994,0.006,0.998,9876.06,114.76,0.135349,0.998
2026-08-22T20:43:04.898151+00:00,New York City,0xf54c033197acc057350bcb3f6d5f2feda7c8bb850920f008479e6a05f8d97801,Will the lowest temperature in New York City be 59°F or below on August 23?,True,False,2026-08-23,2026-08-22,35.19018,40.19018,334.53494,,"{""Yes"": 0.009, ""No"": 0.991}","[""41913461189028344507895252785216841444603178472297165560331836124148706365467"", ""91015721423101112190959656039967433816753262625439181065136100173982143003079""]",1787431650906,0.001,0.983,0.017,0.999,2231.61,54.95,0.240022,
2026-08-22T20:43:04.898160+00:00,New York City,0x5a980885aaeebbaa301e96b374d8848428ed688d9ad421fec2e0403206880bda,Will the lowest temperature in New York City be between 60-61°F on August 23?,True,False,2026-08-23,2026-08-22,207.79628499999998,212.796285,363.53213,,"{""Yes"": 0.008, ""No"": 0.992}","[""34708389771261436513875651680918471994008182689217040058196582123745422313544"", ""92148277642001454670628007038423530304847052222229790925054881143767927985130""]",1787431393601,0.002,0.986,0.014,0.998,4619.47,118.61,0.265079,0.998463
2026-08-22T20:43:04.898169+00:00,New York City,0x6191fa410034adab4ec97add27d9dafd007900dbca4e2c3cb7acb9e6228127ad,Will the lowest temperature in New York City be between 62-63°F on August 23?,True,False,2026-08-23,2026-08-22,102.65764999999999,102.65765,49.8223,,"{""Yes"": 0.09, ""No"": 0.91}","[""25571084448407965069777688199749495797456120322699899958504451972139602637736"", ""111247815246430826017067494082678694522123993199889962038977612676826346203282""]",1787431695997,0.02,0.9,0.1,0.98,732.83,477.54,0.565569,0.989992
2026-08-22T20:43:04.898177+00:00,New York City,0xc98a211856bd6009ae6611104676cf119438cfb7092fce98bea36542ce3fa49d,Will the lowest temperature in New York City be between 64-65°F on August 23?,True,False,2026-08-23,2026-08-22,77.989125,77.989125,157.9667,,"{""Yes"": 0.11, ""No"": 0.89}","[""81814558559019248028254087088241572223430133435721336539678062917305548908416"", ""26049116177937411211761011915147615512055879083869278830198611672766524328465""]",1787431459184,0.01,0.81,0.19,0.99,151.28,4.95,0.447505,
2026-08-22T20:43:04.898186+00:00,New York City,0x07546d5d4dc1731b628ae465ff0c3c8b9569d00865a0b98ebb37c3796b541924,Will the lowest temperature in New York City be between 66-67°F on August 23?,True,False,2026-08-23,2026-08-22,25.22222,25.22222,127.2909,,"{""Yes"": 0.185, ""No"": 0.815}","[""27741605023909144744600208994630187557025032271603385158433763556840509191923"", ""32313089525816244992767397782013546351091861012806371928399928016639714626131""]",1787431714016,0.03,0.74,0.26,0.97,266.73,1209.3,0.526611,0.978044
2026-08-22T20:43:04.898195+00:00,New York City,0x5f831087882c112ea8a710483b9fac76def107d07363d55b3cd8f02ad60cb784,Will the lowest temperature in New York City be between 68-69°F on August 23?,True,False,2026-08-23,2026-08-22,43.709676,43.709676,137.695,,"{""Yes"": 0.375, ""No"": 0.625}","[""62731327394872024260018077248079612250729736322196134319497499153154357694890"", ""77942760536036459065628831918667521873575363585765768263676138781889777487108""]",1787431341755,0.21,0.47,0.53,0.79,262.96,667.96,0.695144,0.826848
2026-08-22T20:43:04.898204+00:00,New York City,0x6e41bc702e225ebee2ef744e36575b0beb00cae5f8d7c4965a6839b908a7bbef,Will the lowest temperature in New York City be between 70-71°F on August 23?,True,False,2026-08-23,2026-08-22,92.25849,92.25849,151.9384,,"{""Yes"": 0.28, ""No"": 0.72}","[""97929326759611566086045398151294653654679302920327882000632632383469767154285"", ""94968669357615007409266742991227210201417230062690320900279905223637984197950""]",1787431438746,0.2,0.64,0.36,0.8,635.03,639.75,0.632365,0.838368
2026-08-22T20:43:04.898213+00:00,New York City,0x3c1bffbc72d1170a3c402357bf013b8823d3900c49c8b37eb63b240e397a5373,Will the lowest temperature in New York City be between 72-73°F on August 23?,True,False,2026-08-23,2026-08-22,321.88344300000006,321.883443,344.7139,,"{""Yes"": 0.23, ""No"": 0.77}","[""31445166572879133259435842922747699234629564073372047282691875686213207469126"", ""98981965662187048906475461859543917805124754119113895151772985911396791238194""]",1787431714033,0.2,0.74,0.26,0.8,2438.42,466.21,0.384733,0.8
2026-08-22T20:43:04.898222+00:00,New York City,0x97dfd04eae5361848b9caf0e379b837a8037b6404039ad37323a971d58f098e4,Will the lowest temperature in New York City be between 74-75°F on August 23?,True,False,2026-08-23,2026-08-22,90.991427,100.991427,65.349,,"{""Yes"": 0.1, ""No"": 0.9}","[""41714088549412194627884398821390833657416130732117532517431298221072732288703"", ""62842949275880786458820919355393417558406061876802088275856269429081131191378""]",1787431579767,,0.8,0.2,,213.4,0.0,0.619919,
2026-08-22T20:43:04.898231+00:00,New York City,0x2319a9f4211b9d1dd8d5cfd5266eac5e2cb69ea2a70b633ea9f8deac11b4ec4d,Will the lowest temperature in New York City be between 76-77°F on August 23?,True,False,2026-08-23,2026-08-22,143.0,153.0,162.231,,"{""Yes"": 0.165, ""No"": 0.835}","[""92331854501114406890782732486050648149419036081783782146869895416355863944794"", ""57886385134129928159238646368632554049697745251836485605418183650283651196115""]",1787431692148,,0.7,0.3,,2215.95,0.0,0.454399,
2026-08-22T20:43:04.898240+00:00,New York City,0x8b3964088dc4f5921476e0f417a6bfa6e2756659cd61871c8f5bd4145974edcc,Will the lowest temperature in New York City be 78°F or higher on August 23?,True,False,2026-08-23,2026-08-22,5.0,15.0,74.6936,,"{""Yes"": 0.18, ""No"": 0.82}","[""74868967738772559701068344511495423353799737045151713312441529878854038744890"", ""79856954817952259451687076098873020309882007444904034332054546862116276250193""]",1787431650489,,0.67,0.33,,254.78,0.0,0.59492,
2026-08-22T21:39:20.802185+00:00,New York City,0x54dcc4454625f5f1d334566744d9096a1149874f5d960db58b831a74e095b5d5,Will the lowest temperature in New York City be 59°F or below on August 22?,True,False,2026-08-22,2026-08-21,214.018,0.0,1066.01917,,"{""Yes"": 0.0005, ""No"": 0.9995}","[""22176085656247966028331551853638107537470051324335055789558369382929683210343"", ""2267978970326297723553940601314171628859636069224705401708236892850840788574""]",1787434620792,,0.999,0.001,,4091.58,0.0,0.091564,
2026-08-22T21:39:20.802218+00:00,New York City,0x4a329c3c83c03df36dfab693a263300d0681bdac863efe7f81c3271b59f75abd,Will the lowest temperature in New York City be between 60-61°F on August 22?,True,False,2026-08-22,2026-08-21,539.014,215.99799999999996,908.78153,,"{""Yes"": 0.0005, ""No"": 0.9995}","[""57167492078919856972518558145921607569548726888853941010667963281057213184432"", ""30525319886414391606885741506677872028934770762542779414612397146283819035961""]",1787434515807,,0.999,0.001,,4089.13,0.0,0.106958,
2026-08-22T21:39:20.802230+00:00,New York City,0xef097895a83907dbe3ec3e8d22545bffb5ac4b592dd6170a6eee80ca9cc293bb,Will the lowest temperature in New York City be between 62-63°F on August 22?,True,False,2026-08-22,2026-08-21,449.267665,197.797665,800.8015,,"{""Yes"": 0.0025, ""No"": 0.9975}","[""45681626258458280676213473424882847719722052069172846841022502505853622627439"", ""80011524950630074551789238568474286480241672837405698472638837569921200162148""]",1787434867737,0.001,0.996,0.004,0.999,4894.3,32.15,0.12661,
2026-08-22T21:39:20.802244+00:00,New York City,0x002fc34dd896077b110da622105033345a005b0acb6bd69b0822b3737cb65ddd,Will the lowest temperature in New York City be between 64-65°F on August 22?,True,False,2026-08-22,2026-08-21,819.4825000000001,757.4399500000001,138.3312,,"{""Yes"": 0.05, ""No"": 0.95}","[""63773393739221834104651676663344121685573450563857634042856283335549537102653"", ""88033838603680297674698215778109359526350169078051715115814074079069409687995""]",1787435024694,0.01,0.92,0.08,0.99,109.33,20.67,0.499653,
2026-08-22T21:39:20.802255+00:00,New York City,0xfab18e113307d1f42049c66a1a92ace3e327dd10c09d0c19144bd71783463364,Will the lowest temperature in New York City be between 66-67°F on August 22?,True,False,2026-08-22,2026-08-21,522.513933,387.422708,67.9846,,"{""Yes"": 0.085, ""No"": 0.915}","[""92163698769008901414801228646341607937236816654571095417680419783334040742305"", ""79147634621270984375661486233617478153672859175960026083035358069964394312020""]",1787435024679,0.06,0.89,0.11,0.94,125.51,482.39,0.46689,0.95454
2026-08-22T21:39:20.802269+00:00,New York City,0x5dbe4930a2d69c3974d78c6f145e0ae7aef0afe859945440962589545d15c27e,Will the lowest temperature in New York City be between 68-69°F on August 22?,True,False,2026-08-22,2026-08-21,1609.1039179999998,1339.871907,71.0654,,"{""Yes"": 0.05, ""No"": 0.95}","[""102161550546141171718592932188454213460635585161963173365335629871525879686627"", ""62248823643995751731227370875463031992607697617523717400611442648094026925537""]",1787435012826,0.03,0.9,0.1,0.97,151.74,198.88,0.583696,0.970778
2026-08-22T21:39:20.802280+00:00,New York City,0xeb9437a98c93f75d5cfd1ba36ad11563996c7b48b7722457978ebe12cbea60f3,Will the lowest temperature in New York City be between 70-71°F on August 22?,True,False,2026-08-22,2026-08-21,2464.0769969999997,2294.654883,93.6968,,"{""Yes"": 0.85, ""No"": 0.15}","[""90335072572473530532445096481344729704494866468199046823791889372819977574128"", ""83090340422046528949177736108663528002668483123667297806592548039819000596025""]",1787435026934,0.84,0.14,0.86,0.16,360.94,489.22,0.869393,0.694658
2026-08-22T21:39:20.802291+00:00,New York City,0xbde966425cdd788bd024982a5ee0e119a159c88c0443add283d42df0a493c31b,Will the lowest temperature in New York City be between 72-73°F on August 22?,True,False,2026-08-22,2026-08-21,1001.2412,940.8412000000001,19847.70377,,"{""Yes"": 0.0005, ""No"": 0.9995}","[""77348581478469193025373299675539767896079436532791539162461001183884931566275"", ""25718091385299197858687993541357133666433211818732057358057946891320711386520""]",1787434862416,,0.999,0.001,,4135.81,0.0,0.005032,
2026-08-22T21:39:20.802303+00:00,New York City,0xba96e05af67328c367c660e00a49e84879175db0aa8dda26078624372a685c2e,Will the lowest temperature in New York City be between 74-75°F on August 22?,True,False,2026-08-22,2026-08-21,446.08000000000004,120.04,19835.46868,,"{""Yes"": 0.0005, ""No"": 0.9995}","[""19535018881362563194304737615410708838997688466633096387809969256217446161129"", ""39876616032408383185314067220007911162055542005557097175729260358462038899765""]",1787434847973,,0.999,0.001,,4142.76,0.0,0.005035,
2026-08-22T21:39:20.802313+00:00,New York City,0xc24073a4e63982d8ed1b569ff89ce337c1e6c14e14e3546affbea9d617643e75,Will the lowest temperature in New York City be between 76-77°F on August 22?,True,False,2026-08-22,2026-08-21,184.0,0.0,20648.30919,,"{""Yes"": 0.0005, ""No"": 0.9995}","[""86814143036964066695108823197756480372562391896588142422103788090182359176122"", ""66590717440993268935187443317507451587097336853789459429433486685779409405047""]",1787434874547,,0.999,0.001,,4129.14,0.0,0.004837,
2026-08-22T21:39:20.802323+00:00,New York City,0x4115b736021acabd1cb943facdc67ba9d7266368233e8580fdd802562333a36e,Will the lowest temperature in New York City be 78°F or higher on August 22?,True,False,2026-08-22,2026-08-21,174.0,0.0,20763.57912,,"{""Yes"": 0.0005, ""No"": 0.9995}","[""82225531464765892409447886498262082024313588109407190388031720876269319106258"", ""74548726440436727656651188714024117760858455945047034132131889162404588900475""]",1787434877914,,0.999,0.001,,4161.11,0.0,0.00481,
2026-08-22T21:39:20.802334+00:00,New York City,0x60e023fc412734dce63432c5e2ec69e609eeb7b86a96351577591431753b5fb5,Will the highest temperature in New York City be 67°F or below on August 22?,True,False,2026-08-22,2026-08-21,7491.437,5000.0,36900.68751,,"{""Yes"": 0.0005, ""No"": 0.9995}","[""58968776578131649117981021315210454022108642050324490888229625074165333799511"", ""41292985683615773710167809043078841084013491213403163839637002881120847403486""]",1787435074173,,0.999,0.001,,4322.97,0.0,0.00271,
2026-08-22T21:39:20.802346+00:00,New York City,0x942d5d8929fcffed966774106f730d780db56b5115c2393001dfaffb7183083a,Will the highest temperature in New York City be between 68-69°F on August 22?,True,False,2026-08-22,2026-08-21,6659.6322,4326.902,37461.9226,,"{""Yes"": 0.0005, ""No"": 0.9995}","[""84961300753189087718453506028435441023757547801371175621706860012430249562729"", ""28516945579299192627698888404531229365159323903892974075223308204806776744087""]",1787434952219,,0.999,0.001,,4268.59,0.0,0.0027,
2026-08-22T21:39:20.802357+00:00,New York City,0x25ce1b7b7387148c413ee3f291856179ed1cc51904837697c67a656f5f7c6550,Will the highest temperature in New York City be between 70-71°F on August 22?,True,False,2026-08-22,2026-08-21,28829.699364999997,28065.114324000002,36148.34679,,"{""Yes"": 0.0005, ""No"": 0.9995}","[""98445577116205349494970594520006863753161724146388949535409280517965398256379"", ""52252001268139384492752364493136390733312855094828301203114436930170445408996""]",1787434952219,,0.999,0.001,,4434.17,0.0,0.0028,
2026-08-22T21:39:20.802368+00:00,New York City,0xe2d07c37d90dc585543f6a8eb8f35a6d773d9f66f5755a29f3e79d294cdede19,Will the highest temperature in New York City be between 72-73°F on August 22?,True,False,2026-08-22,2026-08-21,21454.187618999997,20090.872543000005,29040.7476,,"{""Yes"": 0.0005, ""No"": 0.9995}","[""114220303114617076912409921892040505656619131332387439130287480860707576745909"", ""13236288524812527820040865773156239659533617217184028146960115964622087322138""]",1787434952220,,0.999,0.001,,4341.7,0.0,0.003504,
2026-08-22T21:39:20.802380+00:00,New York City,0x6727f7f15d2b8ea1f006316669329f60dd0ab606804001e1dbca2dbd9b2dfa5c,Will the highest temperature in New York City be between 74-75°F on August 22?,True,False,2026-08-22,2026-08-21,17177.504938999995,12488.452129000003,35018.48447,,"{""Yes"": 0.0005, ""No"": 0.9995}","[""90081247998737697857319215891369197249427667829382780475732070333954048890030"", ""58103310499352188449263875038377397364480312690044039250975224628229161783444""]",1787434968817,,0.999,0.001,,9199.27,0.0,0.002904,
2026-08-22T21:39:20.802391+00:00,New York City,0x7006795b6e514c73ff43ff60ef2a19cff95a577e95beda17cd301995695383d7,Will the highest temperature in New York City be between 76-77°F on August 22?,True,False,2026-08-22,2026-08-21,10961.280480999993,9382.163310000002,487.4642,,"{""Yes"": 0.99, ""No"": 0.01}","[""51395141563796878258814105826509377342667166367686163704949255870609779201923"", ""50000293278698818965769428661779246637782788825829140395290118342754901858104""]",1787435057204,0.98,0.01,0.99,0.02,8.01,3518.77,,0.213475
2026-08-22T21:39:20.802420+00:00,New York City,0x6e378c63553894bcef76fcec43468bcb44381ebd38714f4d422fc812d9861364,Will the highest temperature in New York City be between 78-79°F on August 22?,True,False,2026-08-22,2026-08-21,10786.711581999996,9193.20071,259.2119,,"{""Yes"": 0.015, ""No"": 0.985}","[""83791725590918781771172010388732187290846129006883104378432893557012227941485"", ""10888944644112166978679204926526714075321060019023309634645096996066942947028""]",1787435055248,0.01,0.98,0.02,0.99,3072.01,34.11,0.239819,
2026-08-22T21:39:20.802438+00:00,New York City,0x258d8e49414b645925e1525e4731d67f4121e13158a22078c77e935fa828776a,Will the highest temperature in New York City be between 80-81°F on August 22?,True,False,2026-08-22,2026-08-21,9883.17942,8512.640022,941.88108,,"{""Yes"": 0.0045, ""No"": 0.9955}","[""81398495580226134126340144488134510473693886599282393729088984636977861277750"", ""101162327800347123206682925721698241104250753673368978572687582424157202081976""]",1787434994711,0.001,0.992,0.008,0.999,5171.75,171.32,0.109192,0.999
2026-08-22T21:39:20.802451+00:00,New York City,0xe73b08187095283569e9a87dd424921002c74bcd681135800db6930184f116df,Will the highest temperature in New York City be between 82-83°F on August 22?,True,False,2026-08-22,2026-08-21,2693.9582490000003,1553.469849,2046.95185,,"{""Yes"": 0.0005, ""No"": 0.9995}","[""91237721705643528495040541693062976800336043664250418638214660931067071210350"", ""75202635143193836646670253443450412825867995093768447209082447765313777913441""]",1787434843744,,0.999,0.001,,4222.07,0.0,0.04881,
2026-08-22T21:39:20.802462+00:00,New York City,0xa416a8b75e923ab23c6ad6babfc8a5da546c916c38a0bd86b062a5014a9b8cb4,Will the highest temperature in New York City be between 84-85°F on August 22?,True,False,2026-08-22,2026-08-21,1628.129521,1152.143521,1831.07093,,"{""Yes"": 0.0005, ""No"": 0.9995}","[""32360688754587735790786636279225748224694138602650279984483573554774374694175"", ""26482122304855412186853138691363032087124653199807408125248748200267488038488""]",1787434880089,,0.999,0.001,,4304.29,0.0,0.055285,
2026-08-22T21:39:20.802472+00:00,New York City,0x9ab60f8814fed31200b36bd471d321d08231ab90b7ba3374f33ffb27b937d95d,Will the highest temperature in New York City be 86°F or higher on August 22?,True,False,2026-08-22,2026-08-21,485.74100000000004,0.0,2728.55073,,"{""Yes"": 0.0005, ""No"": 0.9995}","[""90802258199338684283763723709032693428714550902326081212921238210093757590330"", ""33198940399963249879376800329359855327762908607906799967233256383860226344780""]",1787434876791,,0.999,0.001,,4272.46,0.0,0.036568,
2026-08-22T21:39:20.802483+00:00,New York City,0xc9036371f91975f3035eaef6b8a90505300d2ed6c381e5a091f34e6f525b6c30,Will the highest temperature in New York City be 73°F or below on August 23?,True,False,2026-08-23,2026-08-22,347.358772,357.358772,1920.32514,,"{""Yes"": 0.005, ""No"": 0.995}","[""10501517808396503559679062613105280076493552725081490906123917029764933569068"", ""16539930148426566991001386772640020336886809696306294033523665045132545318797""]",1787435075931,0.002,0.992,0.008,0.998,7737.28,332.57,0.090133,0.998
2026-08-22T21:39:20.802495+00:00,New York City,0xfdd31b8352a5c8771b662fcdb464c773cc1d11bf974e659cb70f9ffa69f1d971,Will the highest temperature in New York City be between 74-75°F on August 23?,True,False,2026-08-23,2026-08-22,305.73558299999996,315.73558299999996,245.58962,,"{""Yes"": 0.0175, ""No"": 0.9825}","[""112593911214148767251997447162048098507025776011516821062683980433117487587204"", ""28774677088252630300905164900322307897288593922313256849914430510520303670187""]",1787435029566,0.008,0.973,0.027,0.992,1183.96,971.38,0.318091,0.992801
2026-08-22T21:39:20.802505+00:00,New York City,0xdff8dcf4bbc37881731bc3cd7d4ac6c9ebcadc43d2cc04451ca6d50700567d34,Will the highest temperature in New York City be between 76-77°F on August 23?,True,False,2026-08-23,2026-08-22,1349.527644,1359.527644,2627.26223,,"{""Yes"": 0.0185, ""No"": 0.9815}","[""62829073598251019513915763061620999817960159076895788159212448057654320897962"", ""84041388028731725957829593393523520675880853212883236770194889568065753948580""]",1787435048576,0.009,0.973,0.027,0.991,20719.34,1176.65,0.107421,0.991901
2026-08-22T21:39:20.802516+00:00,New York City,0x16a2264e070d745d1181c9892bf39e12b9dcb300f521ef75e8715327e48f5429,Will the highest temperature in New York City be between 78-79°F on August 23?,True,False,2026-08-23,2026-08-22,584.9114240000001,597.1014240000001,813.8353,,"{""Yes"": 0.08, ""No"": 0.92}","[""99008833481370731920855473787773616780163563011492750734789352629703483318767"", ""44828389890422355055512282211707089824388453115742352625652849918528510892634""]",1787435048811,0.07,0.91,0.09,0.93,5183.69,3958.87,0.147518,0.941526
2026-08-22T21:39:20.802528+00:00,New York City,0x96643f2898239f932349a05ae7f2c35559619ffb85c5392bb409397a2033da2a,Will the highest temperature in New York City be between 80-81°F on August 23?,True,False,2026-08-23,2026-08-22,1575.5931459999997,1585.593146,3118.8056,,"{""Yes"": 0.265, ""No"": 0.735}","[""38471214694170037984973568648626321853290574777070945187168512580638224047691"", ""57259393671183172582735310615165731463003209662048889377423041072317121773930""]",1787435049260,0.26,0.73,0.27,0.74,6560.23,4598.55,0.277786,0.74
2026-08-22T21:39:20.802538+00:00,New York City,0xb7ac66dbfe44ae9a9bc7aba9774d8f06cfd2d777155025993654263adf78ac13,Will the highest temperature in New York City be between 82-83°F on August 23?,True,False,2026-08-23,2026-08-22,2222.821222,2240.3112220000003,2043.0796,,"{""Yes"": 0.445, ""No"": 0.555}","[""38902169854652465630947854107317854773848010553570595835561074295476091954219"", ""6880128462746070135371935773408905637598101683104843419847437315115438647321""]",1787435069777,0.44,0.55,0.45,0.56,9731.3,4308.25,0.450671,0.56
2026-08-22T21:39:20.802548+00:00,New York City,0x714f5f1a3a9e8549a6390de8ee6faf63d888a3ab2954cea29c21c8cf4d3ea803,Will the highest temperature in New York City be between 84-85°F on August 23?,True,False,2026-08-23,2026-08-22,2404.9887769999996,2440.988777,981.1356,,"{""Yes"": 0.175, ""No"": 0.825}","[""17038710002793063990392478273767776431217094462603108901566464212730505441264"", ""53289516700889681580133774628163618738689195710639848372945100123825138670438""]",1787435047530,0.17,0.82,0.18,0.83,4664.01,4614.48,0.206893,0.835025
2026-08-22T21:39:20.802558+00:00,New York City,0xc61a4545e137bab8119d71e25184238450e011383cb9906667c8562762ae56ea,Will the highest temperature in New York City be between 86-87°F on August 23?,True,False,2026-08-23,2026-08-22,393.60365,403.60365,664.6006,,"{""Yes"": 0.04, ""No"": 0.96}","[""103608175012448499910775714089032094918845576128750358412668580846019845532387"", ""113385366596592597814917790331990980266455298839766004097226405663918192965083""]",1787435048749,0.03,0.95,0.05,0.97,4144.86,445.64,0.095973,0.97
2026-08-22T21:39:20.802569+00:00,New York City,0x97eeb6e6a72cb792b68e9a9454aa7c3f7e74746393900643b3b162547a587c95,Will the highest temperature in New York City be between 88-89°F on August 23?,True,False,2026-08-23,2026-08-22,210.61834100000002,220.618341,1089.77852,,"{""Yes"": 0.0175, ""No"": 0.9825}","[""114838494395643787940169365281062314792066024869237367327695044887469706733593"", ""109900369320075389007190344200979532199724927951718771892516491750534698347746""]",1787435070156,0.008,0.973,0.027,0.992,7708.64,1331.8,0.117807,0.993106
2026-08-22T21:39:20.802579+00:00,New York City,0xb33ea35df7e20788eb863a8913b0d04ebd7c0d900d6b54ca5b7264b41280b06d,Will the highest temperature in New York City be between 90-91°F on August 23?,True,False,2026-08-23,2026-08-22,139.5985,149.5985,2023.89188,,"{""Yes"": 0.0025, ""No"": 0.9975}","[""56081030867967291153857547461153886031899854227951226713971332403073818045533"", ""12246287985759348649967848152152215415064867795192738483400415644170095101704""]",1787435071568,0.001,0.996,0.004,0.999,8536.3,49.95,0.094775,
2026-08-22T21:39:20.802590+00:00,New York City,0xd81e24363e9032f71e4b3bcc6172b8658d30cae6ca793521e6aedae693d44443,Will the highest temperature in New York City be 92°F or higher on August 23?,True,False,2026-08-23,2026-08-22,414.290165,424.290165,995.78907,,"{""Yes"": 0.004, ""No"": 0.996}","[""96059710701050699345409109008774733443452819159964144536091672091931640669656"", ""82164490970881232273561758214562714222586308963935020439603047630558572723413""]",1787435072657,0.002,0.994,0.006,0.998,9863.44,114.76,0.17788,0.998
2026-08-22T21:39:20.802600+00:00,New York City,0xf54c033197acc057350bcb3f6d5f2feda7c8bb850920f008479e6a05f8d97801,Will the lowest temperature in New York City be 59°F or below on August 23?,True,False,2026-08-23,2026-08-22,35.19018,40.19018,322.373,,"{""Yes"": 0.009, ""No"": 0.991}","[""41913461189028344507895252785216841444603178472297165560331836124148706365467"", ""91015721423101112190959656039967433816753262625439181065136100173982143003079""]",1787435055899,0.001,0.99,0.01,0.999,2309.19,5.0,0.24804,
2026-08-22T21:39:20.802609+00:00,New York City,0x5a980885aaeebbaa301e96b374d8848428ed688d9ad421fec2e0403206880bda,Will the lowest temperature in New York City be between 60-61°F on August 23?,True,False,2026-08-23,2026-08-22,207.79628499999998,212.796285,373.74315,,"{""Yes"": 0.008, ""No"": 0.992}","[""34708389771261436513875651680918471994008182689217040058196582123745422313544"", ""92148277642001454670628007038423530304847052222229790925054881143767927985130""]",1787434994772,0.002,0.987,0.013,0.998,4225.64,68.66,0.227758,
2026-08-22T21:39:20.802619+00:00,New York City,0x6191fa410034adab4ec97add27d9dafd007900dbca4e2c3cb7acb9e6228127ad,Will the lowest temperature in New York City be between 62-63°F on August 23?,True,False,2026-08-23,2026-08-22,102.65764999999999,102.65765,253.2442,,"{""Yes"": 0.055, ""No"": 0.945}","[""25571084448407965069777688199749495797456120322699899958504451972139602637736"", ""111247815246430826017067494082678694522123993199889962038977612676826346203282""]",1787434994900,0.02,0.97,0.03,0.98,463.74,477.54,0.301115,0.989992
2026-08-22T21:39:20.802629+00:00,New York City,0xc98a211856bd6009ae6611104676cf119438cfb7092fce98bea36542ce3fa49d,Will the lowest temperature in New York City be between 64-65°F on August 23?,True,False,2026-08-23,2026-08-22,77.989125,77.989125,115.8245,,"{""Yes"": 0.085, ""No"": 0.915}","[""81814558559019248028254087088241572223430133435721336539678062917305548908416"", ""26049116177937411211761011915147615512055879083869278830198611672766524328465""]",1787434995272,0.01,0.89,0.11,0.99,237.03,4.95,0.487939,
2026-08-22T21:39:20.802640+00:00,New York City,0x07546d5d4dc1731b628ae465ff0c3c8b9569d00865a0b98ebb37c3796b541924,Will the lowest temperature in New York City be between 66-67°F on August 23?,True,False,2026-08-23,2026-08-22,25.22222,25.22222,101.2948,,"{""Yes"": 0.14, ""No"": 0.86}","[""27741605023909144744600208994630187557025032271603385158433763556840509191923"", ""32313089525816244992767397782013546351091861012806371928399928016639714626131""]",1787435006133,0.05,0.88,0.12,0.95,237.64,1498.97,0.508027,0.964466
2026-08-22T21:39:20.802650+00:00,New York City,0x5f831087882c112ea8a710483b9fac76def107d07363d55b3cd8f02ad60cb784,Will the lowest temperature in New York City be between 68-69°F on August 23?,True,False,2026-08-23,2026-08-22,43.709676,43.709676,189.0608,,"{""Yes"": 0.33, ""No"": 0.67}","[""62731327394872024260018077248079612250729736322196134319497499153154357694890"", ""77942760536036459065628831918667521873575363585765768263676138781889777487108""]",1787435027229,0.3,0.63,0.37,0.7,214.78,633.48,0.645307,0.771248
2026-08-22T21:39:20.802660+00:00,New York City,0x6e41bc702e225ebee2ef744e36575b0beb00cae5f8d7c4965a6839b908a7bbef,Will the lowest temperature in New York City be between 70-71°F on August 23?,True,False,2026-08-23,2026-08-22,92.25849000000001,92.25849,176.3341,,"{""Yes"": 0.355, ""No"": 0.645}","[""97929326759611566086045398151294653654679302920327882000632632383469767154285"", ""94968669357615007409266742991227210201417230062690320900279905223637984197950""]",1787434887940,0.35,0.64,0.36,0.65,497.64,540.37,0.573774,0.762049
2026-08-22T21:39:20.802670+00:00,New York City,0x3c1bffbc72d1170a3c402357bf013b8823d3900c49c8b37eb63b240e397a5373,Will the lowest temperature in New York City be between 72-73°F on August 23?,True,False,2026-08-23,2026-08-22,323.7334430000001,323.733443,378.2982,,"{""Yes"": 0.235, ""No"": 0.765}","[""31445166572879133259435842922747699234629564073372047282691875686213207469126"", ""98981965662187048906475461859543917805124754119113895151772985911396791238194""]",1787434743800,0.21,0.74,0.26,0.79,2450.41,381.8,0.392522,0.845706
2026-08-22T21:39:20.802681+00:00,New York City,0x97dfd04eae5361848b9caf0e379b837a8037b6404039ad37323a971d58f098e4,Will the lowest temperature in New York City be between 74-75°F on August 23?,True,False,2026-08-23,2026-08-22,90.991427,100.991427,67.2938,,"{""Yes"": 0.1, ""No"": 0.9}","[""41714088549412194627884398821390833657416130732117532517431298221072732288703"", ""62842949275880786458820919355393417558406061876802088275856269429081131191378""]",1787435027620,,0.84,0.16,,213.95,0.0,0.547736,
2026-08-22T21:39:20.802691+00:00,New York City,0x2319a9f4211b9d1dd8d5cfd5266eac5e2cb69ea2a70b633ea9f8deac11b4ec4d,Will the lowest temperature in New York City be between 76-77°F on August 23?,True,False,2026-08-23,2026-08-22,143.0,153.0,95.078,,"{""Yes"": 0.1, ""No"": 0.9}","[""92331854501114406890782732486050648149419036081783782146869895416355863944794"", ""57886385134129928159238646368632554049697745251836485605418183650283651196115""]",1787435008940,,0.88,0.12,,257.8,0.0,0.497013,
2026-08-22T21:39:20.802701+00:00,New York City,0x8b3964088dc4f5921476e0f417a6bfa6e2756659cd61871c8f5bd4145974edcc,Will the lowest temperature in New York City be 78°F or higher on August 23?,True,False,2026-08-23,2026-08-22,5.0,15.0,72.8466,,"{""Yes"": 0.115, ""No"": 0.885}","[""74868967738772559701068344511495423353799737045151713312441529878854038744890"", ""79856954817952259451687076098873020309882007444904034332054546862116276250193""]",1787434887912,,0.89,0.11,,240.89,0.0,0.553248,
2026-08-22T22:41:35.972973+00:00,New York City,0x54dcc4454625f5f1d334566744d9096a1149874f5d960db58b831a74e095b5d5,Will the lowest temperature in New York City be 59°F or below on August 22?,True,False,2026-08-22,2026-08-21,214.018,0.0,1095.41788,,"{""Yes"": 0.0005, ""No"": 0.9995}","[""22176085656247966028331551853638107537470051324335055789558369382929683210343"", ""2267978970326297723553940601314171628859636069224705401708236892850840788574""]",1787438323564,,0.999,0.001,,4151.45,0.0,0.089264,
2026-08-22T22:41:35.972999+00:00,New York City,0x4a329c3c83c03df36dfab693a263300d0681bdac863efe7f81c3271b59f75abd,Will the lowest temperature in New York City be between 60-61°F on August 22?,True,False,2026-08-22,2026-08-21,539.0139999999999,215.99799999999996,959.72468,,"{""Yes"": 0.0005, ""No"": 0.9995}","[""57167492078919856972518558145921607569548726888853941010667963281057213184432"", ""30525319886414391606885741506677872028934770762542779414612397146283819035961""]",1787438712750,,0.999,0.001,,4148.99,0.0,0.104137,
2026-08-22T22:41:35.973009+00:00,New York City,0xef097895a83907dbe3ec3e8d22545bffb5ac4b592dd6170a6eee80ca9cc293bb,Will the lowest temperature in New York City be between 62-63°F on August 22?,True,False,2026-08-22,2026-08-21,529.737665,278.267665,792.52325,,"{""Yes"": 0.0045, ""No"": 0.9955}","[""45681626258458280676213473424882847719722052069172846841022502505853622627439"", ""80011524950630074551789238568474286480241672837405698472638837569921200162148""]",1787438777611,0.001,0.991,0.009,0.999,5743.96,9.74,0.13191,
2026-08-22T22:41:35.973018+00:00,New York City,0x002fc34dd896077b110da622105033345a005b0acb6bd69b0822b3737cb65ddd,Will the lowest temperature in New York City be between 64-65°F on August 22?,True,False,2026-08-22,2026-08-21,839.4825,777.4399500000001,139.152,,"{""Yes"": 0.025, ""No"": 0.975}","[""63773393739221834104651676663344121685573450563857634042856283335549537102653"", ""88033838603680297674698215778109359526350169078051715115814074079069409687995""]",1787438799113,0.01,0.95,0.05,0.99,159.17,33.06,0.512479,
2026-08-22T22:41:35.973026+00:00,New York City,0xfab18e113307d1f42049c66a1a92ace3e327dd10c09d0c19144bd71783463364,Will the lowest temperature in New York City be between 66-67°F on August 22?,True,False,2026-08-22,2026-08-21,647.704858,510.087993,129.5683,,"{""Yes"": 0.05, ""No"": 0.95}","[""92163698769008901414801228646341607937236816654571095417680419783334040742305"", ""79147634621270984375661486233617478153672859175960026083035358069964394312020""]",1787438777687,0.03,0.93,0.07,0.97,147.05,299.9,0.50196,0.97
2026-08-22T22:41:35.973036+00:00,New York City,0x5dbe4930a2d69c3974d78c6f145e0ae7aef0afe859945440962589545d15c27e,Will the lowest temperature in New York City be between 68-69°F on August 22?,True,False,2026-08-22,2026-08-21,1637.675344,1368.443333,131.4694,,"{""Yes"": 0.095, ""No"": 0.905}","[""102161550546141171718592932188454213460635585161963173365335629871525879686627"", ""62248823643995751731227370875463031992607697617523717400611442648094026925537""]",1787438834415,0.08,0.88,0.12,0.92,320.62,413.09,0.440085,0.939335
2026-08-22T22:41:35.973045+00:00,New York City,0xeb9437a98c93f75d5cfd1ba36ad11563996c7b48b7722457978ebe12cbea60f3,Will the lowest temperature in New York City be between 70-71°F on August 22?,True,False,2026-08-22,2026-08-21,2470.604432,2301.182318,309.3551,,"{""Yes"": 0.855, ""No"": 0.145}","[""90335072572473530532445096481344729704494866468199046823791889372819977574128"", ""83090340422046528949177736108663528002668483123667297806592548039819000596025""]",1787438834647,0.85,0.14,0.86,0.15,407.3,713.53,0.862745,0.473169
2026-08-22T22:41:35.973055+00:00,New York City,0xbde966425cdd788bd024982a5ee0e119a159c88c0443add283d42df0a493c31b,Will the lowest temperature in New York City be between 72-73°F on August 22?,True,False,2026-08-22,2026-08-21,1001.2411999999999,848.8412000000001,19858.8625,,"{""Yes"": 0.0005, ""No"": 0.9995}","[""77348581478469193025373299675539767896079436532791539162461001183884931566275"", ""25718091385299197858687993541357133666433211818732057358057946891320711386520""]",1787438775150,,0.999,0.001,,4196.85,0.0,0.005032,
2026-08-22T22:41:35.973075+00:00,New York City,0xba96e05af67328c367c660e00a49e84879175db0aa8dda26078624372a685c2e,Will the lowest temperature in New York City be between 74-75°F on August 22?,True,False,2026-08-22,2026-08-21,446.08000000000004,120.04,19857.21739,,"{""Yes"": 0.0005, ""No"": 0.9995}","[""19535018881362563194304737615410708838997688466633096387809969256217446161129"", ""39876616032408383185314067220007911162055542005557097175729260358462038899765""]",1787438644654,,0.999,0.001,,4206.42,0.0,0.005033,
2026-08-22T22:41:35.973086+00:00,New York City,0xc24073a4e63982d8ed1b569ff89ce337c1e6c14e14e3546affbea9d617643e75,Will the lowest temperature in New York City be between 76-77°F on August 22?,True,False,2026-08-22,2026-08-21,184.0,0.0,20678.05787,,"{""Yes"": 0.0005, ""No"": 0.9995}","[""86814143036964066695108823197756480372562391896588142422103788090182359176122"", ""66590717440993268935187443317507451587097336853789459429433486685779409405047""]",1787438714656,,0.999,0.001,,4185.73,0.0,0.004833,
2026-08-22T22:41:35.973097+00:00,New York City,0x4115b736021acabd1cb943facdc67ba9d7266368233e8580fdd802562333a36e,Will the lowest temperature in New York City be 78°F or higher on August 22?,True,False,2026-08-22,2026-08-21,174.0,0.0,20773.20783,,"{""Yes"": 0.0005, ""No"": 0.9995}","[""82225531464765892409447886498262082024313588109407190388031720876269319106258"", ""74548726440436727656651188714024117760858455945047034132131889162404588900475""]",1787438734653,,0.999,0.001,,4194.8,0.0,0.004811,
2026-08-22T22:41:35.973108+00:00,New York City,0x60e023fc412734dce63432c5e2ec69e609eeb7b86a96351577591431753b5fb5,Will the highest temperature in New York City be 67°F or below on August 22?,True,False,2026-08-22,2026-08-21,7491.437,5000.0,41208.50454,,"{""Yes"": 0.0005, ""No"": 0.9995}","[""58968776578131649117981021315210454022108642050324490888229625074165333799511"", ""41292985683615773710167809043078841084013491213403163839637002881120847403486""]",1787438841262,,0.999,0.001,,4404.87,0.0,0.002149,
2026-08-22T22:41:35.973120+00:00,New York City,0x942d5d8929fcffed966774106f730d780db56b5115c2393001dfaffb7183083a,Will the highest temperature in New York City be between 68-69°F on August 22?,True,False,2026-08-22,2026-08-21,6659.632199999999,4326.902,42273.76462,,"{""Yes"": 0.0005, ""No"": 0.9995}","[""84961300753189087718453506028435441023757547801371175621706860012430249562729"", ""28516945579299192627698888404531229365159323903892974075223308204806776744087""]",1787438759715,,0.999,0.001,,4354.08,0.0,0.002151,
2026-08-22T22:41:35.973132+00:00,New York City,0x25ce1b7b7387148c413ee3f291856179ed1cc51904837697c67a656f5f7c6550,Will the highest temperature in New York City be between 70-71°F on August 22?,True,False,2026-08-22,2026-08-21,28829.699365,25717.894324,36493.67702,,"{""Yes"": 0.0005, ""No"": 0.9995}","[""98445577116205349494970594520006863753161724146388949535409280517965398256379"", ""52252001268139384492752364493136390733312855094828301203114436930170445408996""]",1787438760092,,0.999,0.001,,4509.19,0.0,0.002736,
2026-08-22T22:41:35.973143+00:00,New York City,0xe2d07c37d90dc585543f6a8eb8f35a6d773d9f66f5755a29f3e79d294cdede19,Will the highest temperature in New York City be between 72-73°F on August 22?,True,False,2026-08-22,2026-08-21,21490.547619000004,19935.182543000006,39121.05391,,"{""Yes"": 0.0005, ""No"": 0.9995}","[""114220303114617076912409921892040505656619131332387439130287480860707576745909"", ""13236288524812527820040865773156239659533617217184028146960115964622087322138""]",1787438569816,,0.999,0.001,,4422.11,0.0,0.002567,
2026-08-22T22:41:35.973155+00:00,New York City,0x6727f7f15d2b8ea1f006316669329f60dd0ab606804001e1dbca2dbd9b2dfa5c,Will the highest temperature in New York City be between 74-75°F on August 22?,True,False,2026-08-22,2026-08-21,17177.504939,12352.855115,42225.55697,,"{""Yes"": 0.0005, ""No"": 0.9995}","[""90081247998737697857319215891369197249427667829382780475732070333954048890030"", ""58103310499352188449263875038377397364480312690044039250975224628229161783444""]",1787438756717,,0.999,0.001,,8525.79,0.0,0.002165,
2026-08-22T22:41:35.973166+00:00,New York City,0x7006795b6e514c73ff43ff60ef2a19cff95a577e95beda17cd301995695383d7,Will the highest temperature in New York City be between 76-77°F on August 22?,True,False,2026-08-22,2026-08-21,11589.910481,9491.715218000001,897.38576,,"{""Yes"": 0.991, ""No"": 0.009}","[""51395141563796878258814105826509377342667166367686163704949255870609779201923"", ""50000293278698818965769428661779246637782788825829140395290118342754901858104""]",1787438840998,0.981,0.002,0.998,0.019,98.12,9682.31,,0.223199
2026-08-22T22:41:35.973178+00:00,New York City,0x6e378c63553894bcef76fcec43468bcb44381ebd38714f4d422fc812d9861364,Will the highest temperature in New York City be between 78-79°F on August 22?,True,False,2026-08-22,2026-08-21,11135.734582,7527.098654999999,756.90868,,"{""Yes"": 0.0005, ""No"": 0.9995}","[""83791725590918781771172010388732187290846129006883104378432893557012227941485"", ""10888944644112166978679204926526714075321060019023309634645096996066942947028""]",1787438746362,,0.992,0.008,,9308.13,0.0,0.097613,
2026-08-22T22:41:35.973189+00:00,New York City,0x258d8e49414b645925e1525e4731d67f4121e13158a22078c77e935fa828776a,Will the highest temperature in New York City be between 80-81°F on August 22?,True,False,2026-08-22,2026-08-21,10343.794444000003,8707.845046,2390.66816,,"{""Yes"": 0.003, ""No"": 0.997}","[""81398495580226134126340144488134510473693886599282393729088984636977861277750"", ""101162327800347123206682925721698241104250753673368978572687582424157202081976""]",1787438703982,,0.999,0.001,,5356.14,0.0,0.051517,
2026-08-22T22:41:35.973198+00:00,New York City,0xe73b08187095283569e9a87dd424921002c74bcd681135800db6930184f116df,Will the highest temperature in New York City be between 82-83°F on August 22?,True,False,2026-08-22,2026-08-21,2693.9582490000003,1364.5298490000002,3037.03539,,"{""Yes"": 0.0005, ""No"": 0.9995}","[""91237721705643528495040541693062976800336043664250418638214660931067071210350"", ""75202635143193836646670253443450412825867995093768447209082447765313777913441""]",1787438759835,,0.999,0.001,,4295.03,0.0,0.033017,
2026-08-22T22:41:35.973207+00:00,New York City,0xa416a8b75e923ab23c6ad6babfc8a5da546c916c38a0bd86b062a5014a9b8cb4,Will the highest temperature in New York City be between 84-85°F on August 22?,True,False,2026-08-22,2026-08-21,1628.1295209999998,1152.143521,2946.67253,,"{""Yes"": 0.0005, ""No"": 0.9995}","[""32360688754587735790786636279225748224694138602650279984483573554774374694175"", ""26482122304855412186853138691363032087124653199807408125248748200267488038488""]",1787438759270,,0.999,0.001,,4364.25,0.0,0.034337,
2026-08-22T22:41:35.973214+00:00,New York City,0x9ab60f8814fed31200b36bd471d321d08231ab90b7ba3374f33ffb27b937d95d,Will the highest temperature in New York City be 86°F or higher on August 22?,True,False,2026-08-22,2026-08-21,485.74100000000004,0.0,3470.03892,,"{""Yes"": 0.0005, ""No"": 0.9995}","[""90802258199338684283763723709032693428714550902326081212921238210093757590330"", ""33198940399963249879376800329359855327762908607906799967233256383860226344780""]",1787438759797,,0.999,0.001,,4331.63,0.0,0.027786,
2026-08-22T22:41:35.973223+00:00,New York City,0xc9036371f91975f3035eaef6b8a90505300d2ed6c381e5a091f34e6f525b6c30,Will the highest temperature in New York City be 73°F or below on August 23?,True,False,2026-08-23,2026-08-22,490.768772,632.900903,2165.49927,,"{""Yes"": 0.002, ""No"": 0.998}","[""10501517808396503559679062613105280076493552725081490906123917029764933569068"", ""16539930148426566991001386772640020336886809696306294033523665045132545318797""]",1787438843290,0.001,0.998,0.002,0.999,10366.73,115.34,0.122275,0.999
2026-08-22T22:41:35.973232+00:00,New York City,0xfdd31b8352a5c8771b662fcdb464c773cc1d11bf974e659cb70f9ffa69f1d971,Will the highest temperature in New York City be between 74-75°F on August 23?,True,False,2026-08-23,2026-08-22,1253.3945830000002,1300.431619,2756.34019,,"{""Yes"": 0.0025, ""No"": 0.9975}","[""112593911214148767251997447162048098507025776011516821062683980433117487587204"", ""28774677088252630300905164900322307897288593922313256849914430510520303670187""]",1787438836699,0.001,0.997,0.003,0.999,21281.85,4.55,0.056287,
2026-08-22T22:41:35.973241+00:00,New York City,0xdff8dcf4bbc37881731bc3cd7d4ac6c9ebcadc43d2cc04451ca6d50700567d34,Will the highest temperature in New York City be between 76-77°F on August 23?,True,False,2026-08-23,2026-08-22,2399.937644,2409.9376440000005,5562.48013,,"{""Yes"": 0.003, ""No"": 0.997}","[""62829073598251019513915763061620999817960159076895788159212448057654320897962"", ""84041388028731725957829593393523520675880853212883236770194889568065753948580""]",1787438843298,0.001,0.996,0.004,0.999,28070.05,9.99,0.057991,
2026-08-22T22:41:35.973249+00:00,New York City,0x16a2264e070d745d1181c9892bf39e12b9dcb300f521ef75e8715327e48f5429,Will the highest temperature in New York City be between 78-79°F on August 23?,True,False,2026-08-23,2026-08-22,1456.7170290000001,1468.9070290000002,1523.49,,"{""Yes"": 0.08, ""No"": 0.92}","[""99008833481370731920855473787773616780163563011492750734789352629703483318767"", ""44828389890422355055512282211707089824388453115742352625652849918528510892634""]",1787438843292,0.07,0.92,0.08,0.93,4665.0,1368.05,0.169134,0.935509
2026-08-22T22:41:35.973257+00:00,New York City,0x96643f2898239f932349a05ae7f2c35559619ffb85c5392bb409397a2033da2a,Will the highest temperature in New York City be between 80-81°F on August 23?,True,False,2026-08-23,2026-08-22,2626.3100209999993,2636.310021,2591.2932,,"{""Yes"": 0.305, ""No"": 0.695}","[""38471214694170037984973568648626321853290574777070945187168512580638224047691"", ""57259393671183172582735310615165731463003209662048889377423041072317121773930""]",1787438843296,0.3,0.69,0.31,0.7,7417.11,5221.97,0.320264,0.7
2026-08-22T22:41:35.973269+00:00,New York City,0xb7ac66dbfe44ae9a9bc7aba9774d8f06cfd2d777155025993654263adf78ac13,Will the highest temperature in New York City be between 82-83°F on August 23?,True,False,2026-08-23,2026-08-22,2404.5012220000003,2421.991222,2128.4569,,"{""Yes"": 0.46, ""No"": 0.54}","[""38902169854652465630947854107317854773848010553570595835561074295476091954219"", ""6880128462746070135371935773408905637598101683104843419847437315115438647321""]",1787438843295,0.46,0.53,0.47,0.54,4753.3,2306.03,0.47,0.54
2026-08-22T22:41:35.973278+00:00,New York City,0x714f5f1a3a9e8549a6390de8ee6faf63d888a3ab2954cea29c21c8cf4d3ea803,Will the highest temperature in New York City be between 84-85°F on August 23?,True,False,2026-08-23,2026-08-22,2766.8140330000006,2802.8140329999997,1708.2363,,"{""Yes"": 0.125, ""No"": 0.875}","[""17038710002793063990392478273767776431217094462603108901566464212730505441264"", ""53289516700889681580133774628163618738689195710639848372945100123825138670438""]",1787438843297,0.12,0.87,0.13,0.88,2263.63,2155.51,0.179261,0.896603
2026-08-22T22:41:35.973286+00:00,New York City,0xc61a4545e137bab8119d71e25184238450e011383cb9906667c8562762ae56ea,Will the highest temperature in New York City be between 86-87°F on August 23?,True,False,2026-08-23,2026-08-22,503.10865,522.2923,1908.2209,,"{""Yes"": 0.03, ""No"": 0.97}","[""103608175012448499910775714089032094918845576128750358412668580846019845532387"", ""113385366596592597814917790331990980266455298839766004097226405663918192965083""]",1787438836988,0.03,0.96,0.04,0.97,5301.23,494.87,0.141687,0.978532
2026-08-22T22:41:35.973294+00:00,New York City,0x97eeb6e6a72cb792b68e9a9454aa7c3f7e74746393900643b3b162547a587c95,Will the highest temperature in New York City be between 88-89°F on August 23?,True,False,2026-08-23,2026-08-22,251.028341,261.028341,1005.09067,,"{""Yes"": 0.013, ""No"": 0.987}","[""114838494395643787940169365281062314792066024869237367327695044887469706733593"", ""109900369320075389007190344200979532199724927951718771892516491750534698347746""]",1787438836699,0.007,0.992,0.008,0.993,7150.4,1246.99,0.139475,0.995117
2026-08-22T22:41:35.973313+00:00,New York City,0xb33ea35df7e20788eb863a8913b0d04ebd7c0d900d6b54ca5b7264b41280b06d,Will the highest temperature in New York City be between 90-91°F on August 23?,True,False,2026-08-23,2026-08-22,175.0085,185.0085,1787.20175,,"{""Yes"": 0.002, ""No"": 0.998}","[""56081030867967291153857547461153886031899854227951226713971332403073818045533"", ""12246287985759348649967848152152215415064867795192738483400415644170095101704""]",1787438843284,0.001,0.998,0.002,0.999,7536.49,14.58,0.125195,
2026-08-22T22:41:35.973324+00:00,New York City,0xd81e24363e9032f71e4b3bcc6172b8658d30cae6ca793521e6aedae693d44443,Will the highest temperature in New York City be 92°F or higher on August 23?,True,False,2026-08-23,2026-08-22,529.2701649999999,539.270165,3177.87767,,"{""Yes"": 0.0005, ""No"": 0.9995}","[""96059710701050699345409109008774733443452819159964144536091672091931640669656"", ""82164490970881232273561758214562714222586308963935020439603047630558572723413""]",1787438843291,0.001,0.998,0.002,0.999,10166.49,80.16,0.044614,
2026-08-22T22:41:35.973333+00:00,New York City,0xf54c033197acc057350bcb3f6d5f2feda7c8bb850920f008479e6a05f8d97801,Will the lowest temperature in New York City be 59°F or below on August 23?,True,False,2026-08-23,2026-08-22,35.19018,40.19018,304.295,,"{""Yes"": 0.009, ""No"": 0.991}","[""41913461189028344507895252785216841444603178472297165560331836124148706365467"", ""91015721423101112190959656039967433816753262625439181065136100173982143003079""]",1787438841734,0.001,0.983,0.017,0.999,2603.03,5.0,0.20414,
2026-08-22T22:41:35.973342+00:00,New York City,0x5a980885aaeebbaa301e96b374d8848428ed688d9ad421fec2e0403206880bda,Will the lowest temperature in New York City be between 60-61°F on August 23?,True,False,2026-08-23,2026-08-22,207.79628499999998,212.796285,440.7691,,"{""Yes"": 0.008, ""No"": 0.992}","[""34708389771261436513875651680918471994008182689217040058196582123745422313544"", ""92148277642001454670628007038423530304847052222229790925054881143767927985130""]",1787438828929,0.002,0.986,0.014,0.998,4802.76,68.66,0.210159,
2026-08-22T22:41:35.973350+00:00,New York City,0x6191fa410034adab4ec97add27d9dafd007900dbca4e2c3cb7acb9e6228127ad,Will the lowest temperature in New York City be between 62-63°F on August 23?,True,False,2026-08-23,2026-08-22,271.65845,271.65845,265.1403,,"{""Yes"": 0.02, ""No"": 0.98}","[""25571084448407965069777688199749495797456120322699899958504451972139602637736"", ""111247815246430826017067494082678694522123993199889962038977612676826346203282""]",1787438778874,0.01,0.97,0.03,0.99,1038.81,310.22,0.264458,0.99
2026-08-22T22:41:35.973358+00:00,New York City,0xc98a211856bd6009ae6611104676cf119438cfb7092fce98bea36542ce3fa49d,Will the lowest temperature in New York City be between 64-65°F on August 23?,True,False,2026-08-23,2026-08-22,77.989125,77.989125,80.3916,,"{""Yes"": 0.075, ""No"": 0.925}","[""81814558559019248028254087088241572223430133435721336539678062917305548908416"", ""26049116177937411211761011915147615512055879083869278830198611672766524328465""]",1787438840053,0.01,0.86,0.14,0.99,788.83,4.95,0.390263,
2026-08-22T22:41:35.973365+00:00,New York City,0x07546d5d4dc1731b628ae465ff0c3c8b9569d00865a0b98ebb37c3796b541924,Will the lowest temperature in New York City be between 66-67°F on August 23?,True,False,2026-08-23,2026-08-22,25.22222,25.22222,100.2041,,"{""Yes"": 0.115, ""No"": 0.885}","[""27741605023909144744600208994630187557025032271603385158433763556840509191923"", ""32313089525816244992767397782013546351091861012806371928399928016639714626131""]",1787438832098,0.03,0.81,0.19,0.97,790.7,1515.5,0.407194,0.972222
2026-08-22T22:41:35.973373+00:00,New York City,0x5f831087882c112ea8a710483b9fac76def107d07363d55b3cd8f02ad60cb784,Will the lowest temperature in New York City be between 68-69°F on August 23?,True,False,2026-08-23,2026-08-22,43.709676,43.709676,164.271,,"{""Yes"": 0.335, ""No"": 0.665}","[""62731327394872024260018077248079612250729736322196134319497499153154357694890"", ""77942760536036459065628831918667521873575363585765768263676138781889777487108""]",1787438840018,0.3,0.63,0.37,0.7,480.9,481.33,0.62781,0.787077
2026-08-22T22:41:35.973382+00:00,New York City,0x6e41bc702e225ebee2ef744e36575b0beb00cae5f8d7c4965a6839b908a7bbef,Will the lowest temperature in New York City be between 70-71°F on August 23?,True,False,2026-08-23,2026-08-22,92.25849,92.25849,157.946,,"{""Yes"": 0.385, ""No"": 0.615}","[""97929326759611566086045398151294653654679302920327882000632632383469767154285"", ""94968669357615007409266742991227210201417230062690320900279905223637984197950""]",1787438840000,0.35,0.58,0.42,0.65,1137.2,178.75,0.522039,0.735268
2026-08-22T22:41:35.973391+00:00,New York City,0x3c1bffbc72d1170a3c402357bf013b8823d3900c49c8b37eb63b240e397a5373,Will the lowest temperature in New York City be between 72-73°F on August 23?,True,False,2026-08-23,2026-08-22,323.73344299999997,323.733443,320.7755,,"{""Yes"": 0.22, ""No"": 0.78}","[""31445166572879133259435842922747699234629564073372047282691875686213207469126"", ""98981965662187048906475461859543917805124754119113895151772985911396791238194""]",1787438840135,0.13,0.68,0.32,0.87,2942.26,662.73,0.384494,0.879324
2026-08-22T22:41:35.973399+00:00,New York City,0x97dfd04eae5361848b9caf0e379b837a8037b6404039ad37323a971d58f098e4,Will the lowest temperature in New York City be between 74-75°F on August 23?,True,False,2026-08-23,2026-08-22,90.991427,100.991427,52.1668,,"{""Yes"": 0.1, ""No"": 0.9}","[""41714088549412194627884398821390833657416130732117532517431298221072732288703"", ""62842949275880786458820919355393417558406061876802088275856269429081131191378""]",1787438840065,,0.8,0.2,,709.7,0.0,0.471153,
2026-08-22T22:41:35.973408+00:00,New York City,0x2319a9f4211b9d1dd8d5cfd5266eac5e2cb69ea2a70b633ea9f8deac11b4ec4d,Will the lowest temperature in New York City be between 76-77°F on August 23?,True,False,2026-08-23,2026-08-22,143.0,153.0,68.5254,,"{""Yes"": 0.07, ""No"": 0.93}","[""92331854501114406890782732486050648149419036081783782146869895416355863944794"", ""57886385134129928159238646368632554049697745251836485605418183650283651196115""]",1787438832114,,0.86,0.14,,846.37,0.0,0.464638,
2026-08-22T22:41:35.973417+00:00,New York City,0x8b3964088dc4f5921476e0f417a6bfa6e2756659cd61871c8f5bd4145974edcc,Will the lowest temperature in New York City be 78°F or higher on August 23?,True,False,2026-08-23,2026-08-22,5.0,15.0,76.4029,,"{""Yes"": 0.06, ""No"": 0.94}","[""74868967738772559701068344511495423353799737045151713312441529878854038744890"", ""79856954817952259451687076098873020309882007444904034332054546862116276250193""]",1787438840052,,0.8,0.2,,812.01,0.0,0.475004,
2026-08-22T23:38:53.873616+00:00,New York City,0x54dcc4454625f5f1d334566744d9096a1149874f5d960db58b831a74e095b5d5,Will the lowest temperature in New York City be 59°F or below on August 22?,True,False,2026-08-22,2026-08-21,214.018,0.0,1049.37786,,"{""Yes"": 0.0005, ""No"": 0.9995}","[""22176085656247966028331551853638107537470051324335055789558369382929683210343"", ""2267978970326297723553940601314171628859636069224705401708236892850840788574""]",1787441766131,,0.999,0.001,,4177.76,0.0,0.093154,
2026-08-22T23:38:53.873662+00:00,New York City,0x4a329c3c83c03df36dfab693a263300d0681bdac863efe7f81c3271b59f75abd,Will the lowest temperature in New York City be between 60-61°F on August 22?,True,False,2026-08-22,2026-08-21,539.0139999999999,215.99799999999996,889.33307,,"{""Yes"": 0.0005, ""No"": 0.9995}","[""57167492078919856972518558145921607569548726888853941010667963281057213184432"", ""30525319886414391606885741506677872028934770762542779414612397146283819035961""]",1787441760948,,0.999,0.001,,4175.18,0.0,0.109469,
2026-08-22T23:38:53.873682+00:00,New York City,0xef097895a83907dbe3ec3e8d22545bffb5ac4b592dd6170a6eee80ca9cc293bb,Will the lowest temperature in New York City be between 62-63°F on August 22?,True,False,2026-08-22,2026-08-21,552.1676649999999,300.697665,737.58117,,"{""Yes"": 0.0045, ""No"": 0.9955}","[""45681626258458280676213473424882847719722052069172846841022502505853622627439"", ""80011524950630074551789238568474286480241672837405698472638837569921200162148""]",1787442247128,0.001,0.992,0.008,0.999,5733.95,9.74,0.139507,
2026-08-22T23:38:53.873701+00:00,New York City,0x002fc34dd896077b110da622105033345a005b0acb6bd69b0822b3737cb65ddd,Will the lowest temperature in New York City be between 64-65°F on August 22?,True,False,2026-08-22,2026-08-21,884.4825,822.4399500000001,20.6024,,"{""Yes"": 0.095, ""No"": 0.905}","[""63773393739221834104651676663344121685573450563857634042856283335549537102653"", ""88033838603680297674698215778109359526350169078051715115814074079069409687995""]",1787442254651,0.01,0.82,0.18,0.99,147.26,33.06,0.869628,
2026-08-22T23:38:53.873721+00:00,New York City,0xfab18e113307d1f42049c66a1a92ace3e327dd10c09d0c19144bd71783463364,Will the lowest temperature in New York City be between 66-67°F on August 22?,True,False,2026-08-22,2026-08-21,683.0334280000002,504.70437499999997,61.5367,,"{""Yes"": 0.045, ""No"": 0.955}","[""92163698769008901414801228646341607937236816654571095417680419783334040742305"", ""79147634621270984375661486233617478153672859175960026083035358069964394312020""]",1787442247322,0.03,0.94,0.06,0.97,197.47,299.9,0.653264,0.97
2026-08-22T23:38:53.873742+00:00,New York City,0x5dbe4930a2d69c3974d78c6f145e0ae7aef0afe859945440962589545d15c27e,Will the lowest temperature in New York City be between 68-69°F on August 22?,True,False,2026-08-22,2026-08-21,1687.1183809999998,1367.8863699999997,46.2766,,"{""Yes"": 0.17, ""No"": 0.83}","[""102161550546141171718592932188454213460635585161963173365335629871525879686627"", ""62248823643995751731227370875463031992607697617523717400611442648094026925537""]",1787442254652,0.07,0.74,0.26,0.93,218.99,365.91,0.782558,0.944401
2026-08-22T23:38:53.873761+00:00,New York City,0xeb9437a98c93f75d5cfd1ba36ad11563996c7b48b7722457978ebe12cbea60f3,Will the lowest temperature in New York City be between 70-71°F on August 22?,True,False,2026-08-22,2026-08-21,2569.318846,2399.896732,55.9775,,"{""Yes"": 0.705, ""No"": 0.295}","[""90335072572473530532445096481344729704494866468199046823791889372819977574128"", ""83090340422046528949177736108663528002668483123667297806592548039819000596025""]",1787442250296,0.23,0.14,0.86,0.77,366.32,577.19,0.894731,0.889706
2026-08-22T23:38:53.873781+00:00,New York City,0xbde966425cdd788bd024982a5ee0e119a159c88c0443add283d42df0a493c31b,Will the lowest temperature in New York City be between 72-73°F on August 22?,True,False,2026-08-22,2026-08-21,1001.2411999999999,848.8412000000001,2155.67215,,"{""Yes"": 0.0005, ""No"": 0.9995}","[""77348581478469193025373299675539767896079436532791539162461001183884931566275"", ""25718091385299197858687993541357133666433211818732057358057946891320711386520""]",1787442247128,,0.999,0.001,,4156.0,0.0,0.045865,
2026-08-22T23:38:53.873800+00:00,New York City,0xba96e05af67328c367c660e00a49e84879175db0aa8dda26078624372a685c2e,Will the lowest temperature in New York City be between 74-75°F on August 22?,True,False,2026-08-22,2026-08-21,446.08000000000004,120.04,2925.48706,,"{""Yes"": 0.0005, ""No"": 0.9995}","[""19535018881362563194304737615410708838997688466633096387809969256217446161129"", ""39876616032408383185314067220007911162055542005557097175729260358462038899765""]",1787442247128,,0.999,0.001,,4171.07,0.0,0.034018,
2026-08-22T23:38:53.873819+00:00,New York City,0xc24073a4e63982d8ed1b569ff89ce337c1e6c14e14e3546affbea9d617643e75,Will the lowest temperature in New York City be between 76-77°F on August 22?,True,False,2026-08-22,2026-08-21,184.0,0.0,3937.40729,,"{""Yes"": 0.0005, ""No"": 0.9995}","[""86814143036964066695108823197756480372562391896588142422103788090182359176122"", ""66590717440993268935187443317507451587097336853789459429433486685779409405047""]",1787441994650,,0.999,0.001,,4165.68,0.0,0.025305,
2026-08-22T23:38:53.873836+00:00,New York City,0x4115b736021acabd1cb943facdc67ba9d7266368233e8580fdd802562333a36e,Will the lowest temperature in New York City be 78°F or higher on August 22?,True,False,2026-08-22,2026-08-21,174.0,0.0,3668.99746,,"{""Yes"": 0.0005, ""No"": 0.9995}","[""82225531464765892409447886498262082024313588109407190388031720876269319106258"", ""74548726440436727656651188714024117760858455945047034132131889162404588900475""]",1787442074649,,0.999,0.001,,4180.64,0.0,0.027151,
2026-08-22T23:38:53.873854+00:00,New York City,0x60e023fc412734dce63432c5e2ec69e609eeb7b86a96351577591431753b5fb5,Will the highest temperature in New York City be 67°F or below on August 22?,True,False,2026-08-22,2026-08-21,7491.437,5000.0,25561.31357,,"{""Yes"": 0.0005, ""No"": 0.9995}","[""58968776578131649117981021315210454022108642050324490888229625074165333799511"", ""41292985683615773710167809043078841084013491213403163839637002881120847403486""]",1787442253161,,0.999,0.001,,4402.77,0.0,0.003933,
2026-08-22T23:38:53.873873+00:00,New York City,0x942d5d8929fcffed966774106f730d780db56b5115c2393001dfaffb7183083a,Will the highest temperature in New York City be between 68-69°F on August 22?,True,False,2026-08-22,2026-08-21,6659.6322,4291.627,25874.38857,,"{""Yes"": 0.0005, ""No"": 0.9995}","[""84961300753189087718453506028435441023757547801371175621706860012430249562729"", ""28516945579299192627698888404531229365159323903892974075223308204806776744087""]",1787441669679,,0.999,0.001,,4363.1,0.0,0.003866,
2026-08-22T23:38:53.873891+00:00,New York City,0x25ce1b7b7387148c413ee3f291856179ed1cc51904837697c67a656f5f7c6550,Will the highest temperature in New York City be between 70-71°F on August 22?,True,False,2026-08-22,2026-08-21,28829.699365,25663.182824000003,18277.08879,,"{""Yes"": 0.0005, ""No"": 0.9995}","[""98445577116205349494970594520006863753161724146388949535409280517965398256379"", ""52252001268139384492752364493136390733312855094828301203114436930170445408996""]",1787441653157,,0.999,0.001,,4484.17,0.0,0.005472,
2026-08-22T23:38:53.873909+00:00,New York City,0xe2d07c37d90dc585543f6a8eb8f35a6d773d9f66f5755a29f3e79d294cdede19,Will the highest temperature in New York City be between 72-73°F on August 22?,True,False,2026-08-22,2026-08-21,21490.547618999997,19899.912543000006,18219.6032,,"{""Yes"": 0.0005, ""No"": 0.9995}","[""114220303114617076912409921892040505656619131332387439130287480860707576745909"", ""13236288524812527820040865773156239659533617217184028146960115964622087322138""]",1787442056891,,0.999,0.001,,4395.42,0.0,0.005629,
2026-08-22T23:38:53.873926+00:00,New York City,0x6727f7f15d2b8ea1f006316669329f60dd0ab606804001e1dbca2dbd9b2dfa5c,Will the highest temperature in New York City be between 74-75°F on August 22?,True,False,2026-08-22,2026-08-21,17177.504938999995,12249.183688000001,24936.84132,,"{""Yes"": 0.0005, ""No"": 0.9995}","[""90081247998737697857319215891369197249427667829382780475732070333954048890030"", ""58103310499352188449263875038377397364480312690044039250975224628229161783444""]",1787441779793,,0.999,0.001,,9284.01,0.0,0.004036,
2026-08-22T23:38:53.873943+00:00,New York City,0x7006795b6e514c73ff43ff60ef2a19cff95a577e95beda17cd301995695383d7,Will the highest temperature in New York City be between 76-77°F on August 22?,True,False,2026-08-22,2026-08-21,12026.0394,9883.664137000002,649.09782,,"{""Yes"": 0.9915, ""No"": 0.0085}","[""51395141563796878258814105826509377342667166367686163704949255870609779201923"", ""50000293278698818965769428661779246637782788825829140395290118342754901858104""]",1787442252950,0.985,0.002,0.998,0.015,283.61,9647.31,0.998,0.216182
2026-08-22T23:38:53.873960+00:00,New York City,0x6e378c63553894bcef76fcec43468bcb44381ebd38714f4d422fc812d9861364,Will the highest temperature in New York City be between 78-79°F on August 22?,True,False,2026-08-22,2026-08-21,11655.767091999995,7674.403774999999,1211.5553,,"{""Yes"": 0.0045, ""No"": 0.9955}","[""83791725590918781771172010388732187290846129006883104378432893557012227941485"", ""10888944644112166978679204926526714075321060019023309634645096996066942947028""]",1787442226054,0.001,0.992,0.008,0.999,9378.06,2697.41,0.093478,0.999
2026-08-22T23:38:53.873976+00:00,New York City,0x258d8e49414b645925e1525e4731d67f4121e13158a22078c77e935fa828776a,Will the highest temperature in New York City be between 80-81°F on August 22?,True,False,2026-08-22,2026-08-21,10477.604444,8607.273046,1950.35167,,"{""Yes"": 0.0005, ""No"": 0.9995}","[""81398495580226134126340144488134510473693886599282393729088984636977861277750"", ""101162327800347123206682925721698241104250753673368978572687582424157202081976""]",1787442258705,,0.999,0.001,,5371.0,0.0,0.05214,
2026-08-22T23:38:53.873996+00:00,New York City,0xe73b08187095283569e9a87dd424921002c74bcd681135800db6930184f116df,Will the highest temperature in New York City be between 82-83°F on August 22?,True,False,2026-08-22,2026-08-21,2693.958249,1329.2548440000003,3252.37213,,"{""Yes"": 0.0005, ""No"": 0.9995}","[""91237721705643528495040541693062976800336043664250418638214660931067071210350"", ""75202635143193836646670253443450412825867995093768447209082447765313777913441""]",1787441918547,,0.999,0.001,,4494.64,0.0,0.030939,
2026-08-22T23:38:53.874011+00:00,New York City,0xa416a8b75e923ab23c6ad6babfc8a5da546c916c38a0bd86b062a5014a9b8cb4,Will the highest temperature in New York City be between 84-85°F on August 22?,True,False,2026-08-22,2026-08-21,1628.1295209999998,1152.143521,3178.55388,,"{""Yes"": 0.0005, ""No"": 0.9995}","[""32360688754587735790786636279225748224694138602650279984483573554774374694175"", ""26482122304855412186853138691363032087124653199807408125248748200267488038488""]",1787441738811,,0.999,0.001,,4364.29,0.0,0.032177,
2026-08-22T23:38:53.874021+00:00,New York City,0x9ab60f8814fed31200b36bd471d321d08231ab90b7ba3374f33ffb27b937d95d,Will the highest temperature in New York City be 86°F or higher on August 22?,True,False,2026-08-22,2026-08-21,485.74100000000004,0.0,3872.56226,,"{""Yes"": 0.0005, ""No"": 0.9995}","[""90802258199338684283763723709032693428714550902326081212921238210093757590330"", ""33198940399963249879376800329359855327762908607906799967233256383860226344780""]",1787442056068,,0.999,0.001,,4345.9,0.0,0.026326,
2026-08-22T23:38:53.874032+00:00,New York City,0xc9036371f91975f3035eaef6b8a90505300d2ed6c381e5a091f34e6f525b6c30,Will the highest temperature in New York City be 73°F or below on August 23?,True,False,2026-08-23,2026-08-22,705.917048,715.9170479999999,2244.39632,,"{""Yes"": 0.0015, ""No"": 0.9985}","[""10501517808396503559679062613105280076493552725081490906123917029764933569068"", ""16539930148426566991001386772640020336886809696306294033523665045132545318797""]",1787442254844,0.001,0.998,0.002,0.999,9655.08,47.37,0.110475,
2026-08-22T23:38:53.874043+00:00,New York City,0xfdd31b8352a5c8771b662fcdb464c773cc1d11bf974e659cb70f9ffa69f1d971,Will the highest temperature in New York City be between 74-75°F on August 23?,True,False,2026-08-23,2026-08-22,1299.981619,1309.981619,3684.25466,,"{""Yes"": 0.0005, ""No"": 0.9995}","[""112593911214148767251997447162048098507025776011516821062683980433117487587204"", ""28774677088252630300905164900322307897288593922313256849914430510520303670187""]",1787442229403,,0.999,0.001,,21055.58,0.0,0.047621,
2026-08-22T23:38:53.874054+00:00,New York City,0xdff8dcf4bbc37881731bc3cd7d4ac6c9ebcadc43d2cc04451ca6d50700567d34,Will the highest temperature in New York City be between 76-77°F on August 23?,True,False,2026-08-23,2026-08-22,2409.937644,2419.9376440000005,4803.67234,,"{""Yes"": 0.0005, ""No"": 0.9995}","[""62829073598251019513915763061620999817960159076895788159212448057654320897962"", ""84041388028731725957829593393523520675880853212883236770194889568065753948580""]",1787442252467,,0.999,0.001,,18951.18,0.0,0.047923,
2026-08-22T23:38:53.874065+00:00,New York City,0x16a2264e070d745d1181c9892bf39e12b9dcb300f521ef75e8715327e48f5429,Will the highest temperature in New York City be between 78-79°F on August 23?,True,False,2026-08-23,2026-08-22,1509.7238690000001,1521.9138690000002,3528.0241,,"{""Yes"": 0.055, ""No"": 0.945}","[""99008833481370731920855473787773616780163563011492750734789352629703483318767"", ""44828389890422355055512282211707089824388453115742352625652849918528510892634""]",1787442258226,0.05,0.94,0.06,0.95,5560.58,460.97,0.104486,0.962684
2026-08-22T23:38:53.874076+00:00,New York City,0x96643f2898239f932349a05ae7f2c35559619ffb85c5392bb409397a2033da2a,Will the highest temperature in New York City be between 80-81°F on August 23?,True,False,2026-08-23,2026-08-22,2684.3228769999996,2694.3228769999996,2827.9334,,"{""Yes"": 0.305, ""No"": 0.695}","[""38471214694170037984973568648626321853290574777070945187168512580638224047691"", ""57259393671183172582735310615165731463003209662048889377423041072317121773930""]",1787442258048,0.3,0.69,0.31,0.7,6785.22,3476.12,0.311163,0.7
2026-08-22T23:38:53.874085+00:00,New York City,0xb7ac66dbfe44ae9a9bc7aba9774d8f06cfd2d777155025993654263adf78ac13,Will the highest temperature in New York City be between 82-83°F on August 23?,True,False,2026-08-23,2026-08-22,2957.08918,2974.57918,2436.8032,,"{""Yes"": 0.505, ""No"": 0.495}","[""38902169854652465630947854107317854773848010553570595835561074295476091954219"", ""6880128462746070135371935773408905637598101683104843419847437315115438647321""]",1787442252450,0.51,0.48,0.52,0.49,5020.91,2879.82,0.52,0.492135
2026-08-22T23:38:53.874097+00:00,New York City,0x714f5f1a3a9e8549a6390de8ee6faf63d888a3ab2954cea29c21c8cf4d3ea803,Will the highest temperature in New York City be between 84-85°F on August 23?,True,False,2026-08-23,2026-08-22,2857.606104,2893.606104,1669.6519,,"{""Yes"": 0.125, ""No"": 0.875}","[""17038710002793063990392478273767776431217094462603108901566464212730505441264"", ""53289516700889681580133774628163618738689195710639848372945100123825138670438""]",1787442252469,0.12,0.87,0.13,0.88,6988.59,2296.82,0.157337,0.88
2026-08-22T23:38:53.874109+00:00,New York City,0xc61a4545e137bab8119d71e25184238450e011383cb9906667c8562762ae56ea,Will the highest temperature in New York City be between 86-87°F on August 23?,True,False,2026-08-23,2026-08-22,579.1623,589.1623000000001,4209.5418,,"{""Yes"": 0.03, ""No"": 0.97}","[""103608175012448499910775714089032094918845576128750358412668580846019845532387"", ""113385366596592597814917790331990980266455298839766004097226405663918192965083""]",1787442252450,0.02,0.96,0.04,0.98,4873.19,1542.58,0.094072,0.98
2026-08-22T23:38:53.874119+00:00,New York City,0x97eeb6e6a72cb792b68e9a9454aa7c3f7e74746393900643b3b162547a587c95,Will the highest temperature in New York City be between 88-89°F on August 23?,True,False,2026-08-23,2026-08-22,328.83284100000003,338.83284100000003,2294.78934,,"{""Yes"": 0.012, ""No"": 0.988}","[""114838494395643787940169365281062314792066024869237367327695044887469706733593"", ""109900369320075389007190344200979532199724927951718771892516491750534698347746""]",1787442252291,0.006,0.982,0.018,0.994,8429.66,1323.58,0.088834,0.994503
2026-08-22T23:38:53.874128+00:00,New York City,0xb33ea35df7e20788eb863a8913b0d04ebd7c0d900d6b54ca5b7264b41280b06d,Will the highest temperature in New York City be between 90-91°F on August 23?,True,False,2026-08-23,2026-08-22,194.5985,204.5985,2022.8711,,"{""Yes"": 0.0005, ""No"": 0.9995}","[""56081030867967291153857547461153886031899854227951226713971332403073818045533"", ""12246287985759348649967848152152215415064867795192738483400415644170095101704""]",1787442252288,,0.999,0.001,,8259.83,0.0,0.087402,
2026-08-22T23:38:53.874138+00:00,New York City,0xd81e24363e9032f71e4b3bcc6172b8658d30cae6ca793521e6aedae693d44443,Will the highest temperature in New York City be 92°F or higher on August 23?,True,False,2026-08-23,2026-08-22,612.0112949999999,622.011295,4412.35642,,"{""Yes"": 0.0015, ""No"": 0.9985}","[""96059710701050699345409109008774733443452819159964144536091672091931640669656"", ""82164490970881232273561758214562714222586308963935020439603047630558572723413""]",1787442252341,0.001,0.998,0.002,0.999,11165.71,27.2,0.03889,
2026-08-22T23:38:53.874149+00:00,New York City,0xf54c033197acc057350bcb3f6d5f2feda7c8bb850920f008479e6a05f8d97801,Will the lowest temperature in New York City be 59°F or below on August 23?,True,False,2026-08-23,2026-08-22,35.19018,40.19018,399.518,,"{""Yes"": 0.005, ""No"": 0.995}","[""41913461189028344507895252785216841444603178472297165560331836124148706365467"", ""91015721423101112190959656039967433816753262625439181065136100173982143003079""]",1787442248865,0.001,0.991,0.009,0.999,2552.48,5.0,0.212418,
2026-08-22T23:38:53.874160+00:00,New York City,0x5a980885aaeebbaa301e96b374d8848428ed688d9ad421fec2e0403206880bda,Will the lowest temperature in New York City be between 60-61°F on August 23?,True,False,2026-08-23,2026-08-22,207.79628499999998,212.796285,931.11846,,"{""Yes"": 0.005, ""No"": 0.995}","[""34708389771261436513875651680918471994008182689217040058196582123745422313544"", ""92148277642001454670628007038423530304847052222229790925054881143767927985130""]",1787442236558,0.002,0.992,0.008,0.998,4907.98,68.66,0.136744,
2026-08-22T23:38:53.874169+00:00,New York City,0x6191fa410034adab4ec97add27d9dafd007900dbca4e2c3cb7acb9e6228127ad,Will the lowest temperature in New York City be between 62-63°F on August 23?,True,False,2026-08-23,2026-08-22,271.65845,271.65845,392.1767,,"{""Yes"": 0.015, ""No"": 0.985}","[""25571084448407965069777688199749495797456120322699899958504451972139602637736"", ""111247815246430826017067494082678694522123993199889962038977612676826346203282""]",1787442258867,,0.97,0.03,,1008.66,0.0,0.298817,
2026-08-22T23:38:53.874179+00:00,New York City,0xc98a211856bd6009ae6611104676cf119438cfb7092fce98bea36542ce3fa49d,Will the lowest temperature in New York City be between 64-65°F on August 23?,True,False,2026-08-23,2026-08-22,77.989125,77.989125,250.2168,,"{""Yes"": 0.075, ""No"": 0.925}","[""81814558559019248028254087088241572223430133435721336539678062917305548908416"", ""26049116177937411211761011915147615512055879083869278830198611672766524328465""]",1787442236560,0.02,0.9,0.1,0.98,706.89,25.53,0.396072,
2026-08-22T23:38:53.874189+00:00,New York City,0x07546d5d4dc1731b628ae465ff0c3c8b9569d00865a0b98ebb37c3796b541924,Will the lowest temperature in New York City be between 66-67°F on August 23?,True,False,2026-08-23,2026-08-22,25.22222,25.22222,242.2965,,"{""Yes"": 0.13, ""No"": 0.87}","[""27741605023909144744600208994630187557025032271603385158433763556840509191923"", ""32313089525816244992767397782013546351091861012806371928399928016639714626131""]",1787442171414,0.07,0.81,0.19,0.93,725.51,1209.7,0.505981,0.94246
2026-08-22T23:38:53.874198+00:00,New York City,0x5f831087882c112ea8a710483b9fac76def107d07363d55b3cd8f02ad60cb784,Will the lowest temperature in New York City be between 68-69°F on August 23?,True,False,2026-08-23,2026-08-22,43.709676,43.709676,198.6923,,"{""Yes"": 0.355, ""No"": 0.645}","[""62731327394872024260018077248079612250729736322196134319497499153154357694890"", ""77942760536036459065628831918667521873575363585765768263676138781889777487108""]",1787442258907,0.2,0.49,0.51,0.8,902.64,541.24,0.60351,0.850643
2026-08-22T23:38:53.874209+00:00,New York City,0x6e41bc702e225ebee2ef744e36575b0beb00cae5f8d7c4965a6839b908a7bbef,Will the lowest temperature in New York City be between 70-71°F on August 23?,True,False,2026-08-23,2026-08-22,97.25849000000001,97.25849,253.2486,,"{""Yes"": 0.385, ""No"": 0.615}","[""97929326759611566086045398151294653654679302920327882000632632383469767154285"", ""94968669357615007409266742991227210201417230062690320900279905223637984197950""]",1787442248912,0.35,0.58,0.42,0.65,1125.32,350.6,0.580527,0.727505
2026-08-22T23:38:53.874219+00:00,New York City,0x3c1bffbc72d1170a3c402357bf013b8823d3900c49c8b37eb63b240e397a5373,Will the lowest temperature in New York City be between 72-73°F on August 23?,True,False,2026-08-23,2026-08-22,323.733443,323.733443,375.8958,,"{""Yes"": 0.225, ""No"": 0.775}","[""31445166572879133259435842922747699234629564073372047282691875686213207469126"", ""98981965662187048906475461859543917805124754119113895151772985911396791238194""]",1787442242981,0.07,0.62,0.38,0.93,1027.58,2100.87,0.450043,0.93866
2026-08-22T23:38:53.874229+00:00,New York City,0x97dfd04eae5361848b9caf0e379b837a8037b6404039ad37323a971d58f098e4,Will the lowest temperature in New York City be between 74-75°F on August 23?,True,False,2026-08-23,2026-08-22,90.991427,100.991427,193.2927,,"{""Yes"": 0.1, ""No"": 0.9}","[""41714088549412194627884398821390833657416130732117532517431298221072732288703"", ""62842949275880786458820919355393417558406061876802088275856269429081131191378""]",1787442228866,,0.8,0.2,,750.25,0.0,0.633198,
2026-08-22T23:38:53.874239+00:00,New York City,0x2319a9f4211b9d1dd8d5cfd5266eac5e2cb69ea2a70b633ea9f8deac11b4ec4d,Will the lowest temperature in New York City be between 76-77°F on August 23?,True,False,2026-08-23,2026-08-22,143.0,153.0,164.5174,,"{""Yes"": 0.07, ""No"": 0.93}","[""92331854501114406890782732486050648149419036081783782146869895416355863944794"", ""57886385134129928159238646368632554049697745251836485605418183650283651196115""]",1787442238865,,0.86,0.14,,716.4,0.0,0.467458,
2026-08-22T23:38:53.874250+00:00,New York City,0x8b3964088dc4f5921476e0f417a6bfa6e2756659cd61871c8f5bd4145974edcc,Will the lowest temperature in New York City be 78°F or higher on August 23?,True,False,2026-08-23,2026-08-22,5.0,15.0,188.8758,,"{""Yes"": 0.1, ""No"": 0.9}","[""74868967738772559701068344511495423353799737045151713312441529878854038744890"", ""79856954817952259451687076098873020309882007444904034332054546862116276250193""]",1787442258867,,0.82,0.18,,736.45,0.0,0.503408,
