fetched_at_utc,city,condition_id,question,active,closed,end_date_iso,start_date_iso,volume_usdc,volume_24h_usdc,liquidity_usdc,market_slug,book_ts,yes_best_bid,no_best_bid,yes_best_ask,no_best_ask,yes_ask_depth_usdc,no_ask_depth_usdc,yes_vwap_buy_100,no_vwap_buy_100,outcome_probs_json,clob_token_ids_json
2026-10-05T00:10:02.814202+00:00,San Francisco,0xfcca0bc1631219cf7d890d921d242ae0c9b9d1548ec4f280fce30352b73f635f,Will the lowest temperature in San Francisco be 53°F or below on October 4?,True,False,2026-10-04,2026-10-02,68.0,0.0,538.92172,,1791158981190,,0.98,0.02,,20392.7,0.0,0.260347,,"{""Yes"": 0.01, ""No"": 0.99}","[""16921814682382206384329059012686868856097787634677953013839802143352410924046"", ""81132787357028236748508087752062303012761688625706258700004618477160166997724""]"
2026-10-05T00:10:02.814233+00:00,San Francisco,0x48388f9b0e93bd0d71c6264920e178987608a234e3c7a639a3545ee36dc57d91,Will the lowest temperature in San Francisco be between 54-55°F on October 4?,True,False,2026-10-04,2026-10-02,14.994,14.994,148.0416,,1791159037000,,0.96,0.04,,351.27,0.0,0.426274,,"{""Yes"": 0.02, ""No"": 0.98}","[""90566672594034940668265443479792993867243384784274279875040599419715531737834"", ""30877982707642748138780467506923727317838570964906817024471496289880802090626""]"
2026-10-05T00:10:02.814251+00:00,San Francisco,0xc82530701e75a5a38937c9faedc180f06e29bf93d6767f4c1e1a61277acacaac,Will the lowest temperature in San Francisco be between 56-57°F on October 4?,True,False,2026-10-04,2026-10-02,14.994,14.994,150.4245,,1791158928986,,0.951,0.049,,449.07,0.0,0.422053,,"{""Yes"": 0.0245, ""No"": 0.9755}","[""30409931411898736364849752886592906619123049152493821517950552494555867695051"", ""110619492610383605609575548650878831515582309427308718611754094600384382683858""]"
2026-10-05T00:10:02.814261+00:00,San Francisco,0x2450df511630947fab2500ca8552705baa27e8fdc6d610d901ebcc74a8d14a90,Will the lowest temperature in San Francisco be between 58-59°F on October 4?,True,False,2026-10-04,2026-10-02,15.0,15.0,136.6818,,1791158593571,,0.9,0.1,,412.8,0.0,0.505763,,"{""Yes"": 0.025, ""No"": 0.975}","[""47955446730832540376440207542124018370041463686384680974252894687201194046712"", ""77714519179802630543304435467433109004787952877812705637622732998162961374677""]"
2026-10-05T00:10:02.814279+00:00,San Francisco,0x92d1cd79f2bfbe5c261a22f5ef3a5ca5c5030728e4c2f6e955fce847e6afa104,Will the lowest temperature in San Francisco be between 60-61°F on October 4?,True,False,2026-10-04,2026-10-02,15.0,15.0,35.93,,1791158832789,0.001,0.991,0.009,0.999,1389.17,14.98,0.799596,,"{""Yes"": 0.0055, ""No"": 0.9945}","[""105602639057811935436619927613995928540534332241974271138339687700706502405386"", ""47767304145037089499815776276289916477277182208897847151820373323501215987829""]"
2026-10-05T00:10:02.814293+00:00,San Francisco,0xbed675e28e16c3021319c45dded9c989c154a00a389ee7fd581558880f54f98f,Will the lowest temperature in San Francisco be between 62-63°F on October 4?,True,False,2026-10-04,2026-10-02,0.0,0.0,1.55,,1791156882476,0.02,0.14,0.86,0.98,8.65,14.8,,,"{""Yes"": 0.44, ""No"": 0.56}","[""38841137164367465087522523881939898170406638675602252086384235866872548070968"", ""48020403098337999352218591071771415687198428273325985928793390497359856984335""]"
2026-10-05T00:10:02.814307+00:00,San Francisco,0x81ae118f4b10ba11eb8f333a52b45be6ce1b0f6efd3c426dfeb312083f2aa373,Will the lowest temperature in San Francisco be between 64-65°F on October 4?,True,False,2026-10-04,2026-10-02,0.0,0.0,25.2,,1791159023079,0.86,,,0.14,0.0,49.74,,,"{""Yes"": 0.75, ""No"": 0.25}","[""86286078620253949895587135470101769766668353024174290044783700046253027789557"", ""101666347194846359695641707432820648943003754566554903461112727939996573703710""]"
2026-10-05T00:10:02.814322+00:00,San Francisco,0xd53c8f5fce92fe5683e5aef0652f527711786474001f3bde07360d0a252011e2,Will the lowest temperature in San Francisco be between 66-67°F on October 4?,True,False,2026-10-04,2026-10-02,25.0,25.0,10557.73045,,1791158216751,,0.999,0.001,,18011.83,0.0,0.009518,,"{""Yes"": 0.0005, ""No"": 0.9995}","[""44930603820712180350171909430791100449403990944106358406350577594725540542363"", ""1810176067525576906801008203680797355633801348019617118763574017891324514318""]"
2026-10-05T00:10:02.814336+00:00,San Francisco,0x7b6d861ee0e35857a0f81c0b75ce1814d2239f513422099de38862eca9bfa486,Will the lowest temperature in San Francisco be between 68-69°F on October 4?,True,False,2026-10-04,2026-10-02,0.0,0.0,10576.70991,,1791158890863,,0.999,0.001,,18012.43,0.0,0.009593,,"{""Yes"": 0.0005, ""No"": 0.9995}","[""23536978954932006664140279432533783347420548696848861886515323879865377774873"", ""109889337687221749865578404461852065233389643419850650199479773543544686206589""]"
2026-10-05T00:10:02.814365+00:00,San Francisco,0x6e39181fb9440a38caf60c7c15b2dfee4369c7f97e5c1de64fcdc7aba1c174a7,Will the lowest temperature in San Francisco be between 70-71°F on October 4?,True,False,2026-10-04,2026-10-02,0.0,0.0,10571.64798,,1791159044494,,0.999,0.001,,16917.54,0.0,0.009591,,"{""Yes"": 0.0005, ""No"": 0.9995}","[""50443547128723771577583327794370101942215988861458932905359250405840372718067"", ""105214880509256212297751103210484855360996284283770827957151392465644807098791""]"
2026-10-05T00:10:02.814380+00:00,San Francisco,0x901febfcd1fc2c1bad44dea9b5f86d302c83a9c3f3cbf9a34be23675884337b0,Will the lowest temperature in San Francisco be 72°F or higher on October 4?,True,False,2026-10-04,2026-10-02,20.0,0.0,9983.81935,,1791158567547,,0.999,0.001,,18016.58,0.0,0.010071,,"{""Yes"": 0.0005, ""No"": 0.9995}","[""6474137939456386999175780435589409414037050296189150604733315784917277338532"", ""114705716272111941788039911382346733550019661632395242631387730853115160699683""]"
2026-10-05T00:10:02.814398+00:00,San Francisco,0x57940776021de4ce37624f86b59002a8f082323dfa921653233de44884a24e81,Will the highest temperature in San Francisco be 73°F or below on October 4?,True,False,2026-10-04,2026-10-02,1519.3410000000001,1461.34,11778.13699,,1791159044505,,0.999,0.001,,27199.01,0.0,0.00866,,"{""Yes"": 0.0005, ""No"": 0.9995}","[""51340428792317461761496152192696739068801167122921973677023338717830347141020"", ""21879683752792501716795058515001891177689921481885035003482083759663822805243""]"
2026-10-05T00:10:02.814414+00:00,San Francisco,0x58554051764d5e6f4566e3540c1afbbd0e9afb10679b2f830fe73c0ee019fbca,Will the highest temperature in San Francisco be between 74-75°F on October 4?,True,False,2026-10-04,2026-10-02,3205.387992,3124.386992,12091.89549,,1791159072418,,0.999,0.001,,28079.92,0.0,0.008444,,"{""Yes"": 0.0005, ""No"": 0.9995}","[""44499541357885777485627355271902324090094281471357264427015739982525131136569"", ""71065831855651909214182631445310579608372459216323957298181980145367826317260""]"
2026-10-05T00:10:02.814429+00:00,San Francisco,0x353b20c97ecf4cd6c49a9072a066e28f2a140c276273f060b58bc2b65307e8b5,Will the highest temperature in San Francisco be between 76-77°F on October 4?,True,False,2026-10-04,2026-10-02,3957.974222,3881.333944,14654.06808,,1791158917000,,0.999,0.001,,10254.72,0.0,0.006861,,"{""Yes"": 0.0005, ""No"": 0.9995}","[""107836156708317574255792759113244121814248786112305708835306196655991972927152"", ""58419564727831349742058714393095988941837873990728909206837651028644897275441""]"
2026-10-05T00:10:02.814443+00:00,San Francisco,0x7812f1bebf545e7f405c33ec978d1687b8f254bdb2555fccbe2aa9b679408c8c,Will the highest temperature in San Francisco be between 78-79°F on October 4?,True,False,2026-10-04,2026-10-02,3907.628602,3857.628602,14640.12008,,1791159017426,,0.999,0.001,,10332.67,0.0,0.006864,,"{""Yes"": 0.0005, ""No"": 0.9995}","[""53504839374025569868651150808935101388436311631539019422023788050330202206285"", ""103742431850799454659923546239335571424271284069907046868372888104328724947077""]"
2026-10-05T00:10:02.814459+00:00,San Francisco,0x0fcaf4141c5d6330f674090160b51ed97375d067d3b6e011f9247911f5d4ead3,Will the highest temperature in San Francisco be between 80-81°F on October 4?,True,False,2026-10-04,2026-10-02,5912.987759999998,4713.4580240000005,95.796,,1791159054518,,0.998,0.002,,28410.34,0.0,0.035029,,"{""Yes"": 0.305, ""No"": 0.695}","[""9690088144040375031813841159042191423563018790719493343935825335578954921510"", ""98940531679835240991989734845904342849030648022385488103018726334913521948985""]"
2026-10-05T00:10:02.814474+00:00,San Francisco,0x7dd46babda5f3fa5e023799fb9029471a3b038ecda38196885c2fe441e3a43c0,Will the highest temperature in San Francisco be between 82-83°F on October 4?,True,False,2026-10-04,2026-10-02,2779.817052000001,2272.2505210000004,66.53506,,1791159054519,0.991,0.004,0.996,0.009,4066.65,29277.39,0.996063,0.138373,"{""Yes"": 0.424, ""No"": 0.576}","[""77568418686377698553450108782673430274170034517388098427025632266536805010829"", ""103621538163035062377963591052593759988939535700521721116443022675374514716824""]"
2026-10-05T00:10:02.814489+00:00,San Francisco,0x444b380e39813203677235349b84a7cdc52af04add0eceecc4e8c859428e4161,Will the highest temperature in San Francisco be between 84-85°F on October 4?,True,False,2026-10-04,2026-10-02,5752.686522999997,4874.481494999999,88.18969,,1791159054816,0.003,0.991,0.009,0.997,9095.29,3258.66,0.261399,0.997969,"{""Yes"": 0.1455, ""No"": 0.8545}","[""31454009574755260313620025993665091982233363339919886737382711891212016413866"", ""73947657033177065555115319004092770485676579501894611785526352580485224247027""]"
2026-10-05T00:10:02.814503+00:00,San Francisco,0xb1c463921698221dbea237aa24152cd69c7ebc017f0a2e5da4ca18e20b708553,Will the highest temperature in San Francisco be between 86-87°F on October 4?,True,False,2026-10-04,2026-10-02,4591.870537000001,3537.3408899999995,132.38913,,1791159054583,0.002,0.996,0.004,0.998,8025.74,1596.33,0.290051,0.998,"{""Yes"": 0.0045, ""No"": 0.9955}","[""64270866459439297275482016416733695154840271222138620735343696870981794021192"", ""59801734532320811583585166534990510601199043802850525846755399086634599979555""]"
2026-10-05T00:10:02.814519+00:00,San Francisco,0x000bd4e97732180ec990ace4dde74a977ef8890db94901e0854253ffdf6ec7cd,Will the highest temperature in San Francisco be between 88-89°F on October 4?,True,False,2026-10-04,2026-10-02,4945.587843000001,3161.436224,1203.94296,,1791159010925,,0.999,0.001,,24076.16,0.0,0.201479,,"{""Yes"": 0.0005, ""No"": 0.9995}","[""98244445294055855516390749592159871050691895453016401342175953590252572353935"", ""107022636064055047408901314758543476071511270842428909235280120476274902874885""]"
2026-10-05T00:10:02.814533+00:00,San Francisco,0xfc3e7eaceb1001e1c62fa477a72639be83b56265efaa33018f049f6cecb7fcb7,Will the highest temperature in San Francisco be between 90-91°F on October 4?,True,False,2026-10-04,2026-10-02,4215.078233,3387.322517,1272.57445,,1791159054560,,0.993,0.007,,28326.51,0.0,0.105328,,"{""Yes"": 0.0005, ""No"": 0.9995}","[""73676546509020064009843644721630618517216259481119622620864729506650693705634"", ""98137818342297419507711512524732030007632503277736184688447842983885940872639""]"
2026-10-05T00:10:02.814546+00:00,San Francisco,0x2116dcacac56ba024ba333196e9543eb9e01cace935311eefe05f4f3f5817950,Will the highest temperature in San Francisco be 92°F or higher on October 4?,True,False,2026-10-04,2026-10-02,3695.545969,3467.1471359999996,6616.80061,,1791159056738,,0.999,0.001,,28318.26,0.0,0.031873,,"{""Yes"": 0.0005, ""No"": 0.9995}","[""37617405012208327040740861164291461038584173643847602656332198780579906477406"", ""17217600493635795115704006670318925086191654482183025230037166623384613824091""]"
2026-10-05T00:10:02.814560+00:00,San Francisco,0x8ca2e699fdd2938f3cfc08f6604c7bdd5dc84a0d6697e0cdce5eca407eeef006,Will the lowest temperature in San Francisco be 55°F or below on October 5?,True,False,2026-10-05,2026-10-03,131.7277,131.7277,27.55,,1791158673787,,0.9,0.1,,392.02,0.0,0.85363,,"{""Yes"": 0.05, ""No"": 0.95}","[""105040284729086326413169861518207668642872414957170303065010259342871244406082"", ""43563808338011336738351088871807992190909733396192081417156299274255649895098""]"
2026-10-05T00:10:02.814573+00:00,San Francisco,0xe6dd8c1e03cbd54033280cffa80768d94b663f5267fcbe23605dfa89be094a89,Will the lowest temperature in San Francisco be between 56-57°F on October 5?,True,False,2026-10-05,2026-10-03,0.0,0.0,46.8718,,1791158673791,,0.32,0.68,,599.1,0.0,0.813192,,"{""Yes"": 0.34, ""No"": 0.66}","[""31827684741875339881672700132852966068571536186385656404413689568698067803183"", ""49111763548322470570551155153077602136612714757504159913164014389103927173307""]"
2026-10-05T00:10:02.814599+00:00,San Francisco,0xcaaaf9ccce7829242457a5f46b6874880b2c8f9acf68f5b76dacb7b9d5a97ab8,Will the lowest temperature in San Francisco be between 58-59°F on October 5?,True,False,2026-10-05,2026-10-03,0.0,0.0,46.8718,,1791158673791,,0.32,0.68,,599.1,0.0,0.813192,,"{""Yes"": 0.34, ""No"": 0.66}","[""54917046396521302915840852466218165469950119722345714315142310875557227847183"", ""100916174748133243623135701639860477644014215212148722370481350712066375579585""]"
2026-10-05T00:10:02.814609+00:00,San Francisco,0xe9fa8e7b1c77137da61f3f60a448b00574edd74a2d51d7914072dcf55a29586a,Will the lowest temperature in San Francisco be between 60-61°F on October 5?,True,False,2026-10-05,2026-10-03,29.0,29.0,45.4218,,1791158727820,,0.32,0.68,,622.14,0.0,0.811075,,"{""Yes"": 0.34, ""No"": 0.66}","[""24779128874767187124355576563140622753040119521689389610638446139685001118693"", ""66695161092783065566906730075455312568224272237921533683647161617881422813381""]"
2026-10-05T00:10:02.814618+00:00,San Francisco,0xef54283bc91ca51b72a374044e8239d79e0d85962a83a51bbe8bd49252b1d1ac,Will the lowest temperature in San Francisco be between 62-63°F on October 5?,True,False,2026-10-05,2026-10-03,0.0,0.0,126.2508,,1791159038600,0.12,0.33,0.67,0.88,384.34,611.55,0.805698,0.889555,"{""Yes"": 0.395, ""No"": 0.605}","[""612575957857496086005392302505721270186338663239995543019255472021045112472"", ""95990107347513197031418999147850078605970799102928839095939976788450909472767""]"
2026-10-05T00:10:02.814627+00:00,San Francisco,0x2f335fa72592f97d39b61de4ad238534278b28b386e6f8f0bf74eb19223a199b,Will the lowest temperature in San Francisco be between 64-65°F on October 5?,True,False,2026-10-05,2026-10-03,0.0,0.0,48.8518,,1791158673793,,0.32,0.68,,615.12,0.0,0.811075,,"{""Yes"": 0.34, ""No"": 0.66}","[""95800838380937843579607720941003878688399274003233690812090339825595331561005"", ""91280797221934051386984818808011408980244770186571828517139988241698804496516""]"
2026-10-05T00:10:02.814635+00:00,San Francisco,0xa43716eb2dde3cca38de1815e03def191f1887d2e169fe29b2cfaf74b84971e3,Will the lowest temperature in San Francisco be between 66-67°F on October 5?,True,False,2026-10-05,2026-10-03,0.0,0.0,46.8718,,1791158673781,,0.32,0.68,,599.1,0.0,0.813192,,"{""Yes"": 0.34, ""No"": 0.66}","[""18392617470029657107892181497787471761304300771434849429782157750198816609340"", ""8916630222495460007463250460726646087937930775151001354390712867016408254666""]"
2026-10-05T00:10:02.814645+00:00,San Francisco,0xbbc5ee1593eb67bf3330cd941f57598e532d5be2be45afa55181824ccd7e6f80,Will the lowest temperature in San Francisco be between 68-69°F on October 5?,True,False,2026-10-05,2026-10-03,0.0,0.0,39.7718,,1791158673780,,0.32,0.68,,599.1,0.0,0.813192,,"{""Yes"": 0.34, ""No"": 0.66}","[""31007891856192081092740105258896157997456124851512036906527186343904138677423"", ""24047937787157174490670860406737471690779700995035631854255622373225272304126""]"
2026-10-05T00:10:02.814653+00:00,San Francisco,0x6fa94a6215b9df49628856a3c029f6054052bb919dcad66974a363d817ecaf0d,Will the lowest temperature in San Francisco be between 70-71°F on October 5?,True,False,2026-10-05,2026-10-03,0.0,0.0,37.9118,,1791158727819,,0.32,0.68,,606.12,0.0,0.813192,,"{""Yes"": 0.34, ""No"": 0.66}","[""65452130360995863622043549103225250570404282430726629188381410931401704883257"", ""96441886950528821303313703835930650471583202218419571410336165742942348164481""]"
2026-10-05T00:10:02.814661+00:00,San Francisco,0xdc4e8dbe0f5f6a2e73ec5684ff6f14a747b1121a0344c23c65aac9d3c08d4aa5,Will the lowest temperature in San Francisco be between 72-73°F on October 5?,True,False,2026-10-05,2026-10-03,0.0,0.0,48.4118,,1791158673797,,0.32,0.68,,647.56,0.0,0.811075,,"{""Yes"": 0.34, ""No"": 0.66}","[""101218232793543835713151938904252270731749513912033215563114774424893314461058"", ""62175774200751487959434678937353372033866715490920825443286352717383123945465""]"
2026-10-05T00:10:02.814669+00:00,San Francisco,0xcbfb5352322b6e7ce6e1545cc5b2f52b2e56eedc95781835e3863b60ba0f853f,Will the lowest temperature in San Francisco be 74°F or higher on October 5?,True,False,2026-10-05,2026-10-03,0.0,0.0,65.68,,1791158728002,,0.1,0.9,,668.96,0.0,0.909091,,"{""Yes"": 0.45, ""No"": 0.55}","[""73086412563789800862662880174006080656296524402627992432939473375724485432523"", ""54355908278793680419345276960584127022622109976426962513158140334456648350221""]"
2026-10-05T00:10:02.814691+00:00,San Francisco,0x8499a2a772e62ca34291b28dabc2bc2d8caa8ffa897ea5cbfbd12b5f5fa5a702,Will the highest temperature in San Francisco be 75°F or below on October 5?,True,False,2026-10-05,2026-10-03,138.480349,138.480349,1698.72807,,1791159040595,0.003,0.992,0.008,0.997,26666.79,153.61,0.125026,0.998626,"{""Yes"": 0.0055, ""No"": 0.9945}","[""6877426540621176116081248011330869189990145763294610159810027909091071759995"", ""73345294263758220925480042586509556501331049291651747631198592840103202967103""]"
2026-10-05T00:10:02.814709+00:00,San Francisco,0x876ef8192b5c728fd671cc555336b4fa84e441ddf4602feaa7f8f54beb937170,Will the highest temperature in San Francisco be between 76-77°F on October 5?,True,False,2026-10-05,2026-10-03,255.23524999999998,255.23525,2485.79682,,1791159061022,0.012,0.987,0.013,0.988,41423.63,773.59,0.158326,0.988,"{""Yes"": 0.0125, ""No"": 0.9875}","[""75011191329132884110617133671613634016190394777204918034775530265877091788339"", ""36501002160763714197451703835680272985311605479758207066559848783748554162284""]"
2026-10-05T00:10:02.814728+00:00,San Francisco,0xb934ebe9680ca7f69f2186c3914bc2855efe2c597e5a2cc6355e383ee0362700,Will the highest temperature in San Francisco be between 78-79°F on October 5?,True,False,2026-10-05,2026-10-03,1110.717149,1110.717149,2410.6898,,1791159072762,0.14,0.81,0.18,0.86,17347.11,4296.76,0.26384,0.865647,"{""Yes"": 0.1, ""No"": 0.9}","[""101776589326821687552441035300511917997642587906428054019008662496349563317840"", ""99875154902440996531933485830315692613821112127139769273998194181830146462862""]"
2026-10-05T00:10:02.814738+00:00,San Francisco,0xae65588b60de1a4b5a1bd6b50c05e18ee61c2c5596e7e73cccd467f308773953,Will the highest temperature in San Francisco be between 80-81°F on October 5?,True,False,2026-10-05,2026-10-03,118.27285600000002,118.27285599999999,2278.2314,,1791159055518,0.24,0.73,0.27,0.75,17648.17,8078.93,0.295644,0.764832,"{""Yes"": 0.25, ""No"": 0.75}","[""48885239237975197527356059762006864879833662753171993383711992619769471195297"", ""31177739214412092790490597653304408500291462723329222345166367602243031636416""]"
2026-10-05T00:10:02.814747+00:00,San Francisco,0xfbe2f6831fd98f475139a2139115ed4444a8ac597fc371c27503e979fe874052,Will the highest temperature in San Francisco be between 82-83°F on October 5?,True,False,2026-10-05,2026-10-03,461.22498799999994,410.99939300000005,2392.9812,,1791159064840,0.28,0.71,0.29,0.72,17667.05,6966.8,0.306739,0.731595,"{""Yes"": 0.285, ""No"": 0.715}","[""65640308390408316177808299831992760461028244449127014422787061395382166983139"", ""17484856116663294393452654433440396452879026930136666628520041889172277676231""]"
2026-10-05T00:10:02.814756+00:00,San Francisco,0xcc6390b8ae3fde1a8133fe25096193c04420df15748e99e42576a2214b1d67e8,Will the highest temperature in San Francisco be between 84-85°F on October 5?,True,False,2026-10-05,2026-10-03,473.9454540000001,426.284025,2340.7178,,1791159071889,0.14,0.82,0.18,0.86,17570.19,2652.51,0.252368,0.875186,"{""Yes"": 0.21, ""No"": 0.79}","[""86679467338601887304812994259310518461740193453419170264703202844882723870256"", ""41171508994977035824176656598387612106025505213924222585097689117350445500829""]"
2026-10-05T00:10:02.814766+00:00,San Francisco,0xcd91c8d8762056b7324ab26b09f2e2a36932f6996d53095135fbb0aeceb8dff8,Will the highest temperature in San Francisco be between 86-87°F on October 5?,True,False,2026-10-05,2026-10-03,795.065254,648.343054,2934.5753,,1791159054519,0.06,0.91,0.09,0.94,19733.0,4332.93,0.169178,0.94,"{""Yes"": 0.08, ""No"": 0.92}","[""49960165076476803133000374658599541105858323301206102972659729368728525264681"", ""46974389304052219902373667761775855568550038220243295634661593401220807938921""]"
2026-10-05T00:10:02.814775+00:00,San Francisco,0x58342fbc0ca991924964f7063b63845086a9369991da7ede24722d0d44997fb0,Will the highest temperature in San Francisco be between 88-89°F on October 5?,True,False,2026-10-05,2026-10-03,335.63547099999994,335.635471,2658.83252,,1791159054662,0.014,0.961,0.039,0.986,41394.84,308.47,0.1569,0.989406,"{""Yes"": 0.022, ""No"": 0.978}","[""103051949727560710533575308645647899188675750761254213223505133972902730901651"", ""45710005603973058568384528260065304760276197176882406312797913834944867975869""]"
2026-10-05T00:10:02.814784+00:00,San Francisco,0x8e2eb854d0cb8f7799ae144c17beeb70eee027416e9e199cbd03084bfe1e48ac,Will the highest temperature in San Francisco be between 90-91°F on October 5?,True,False,2026-10-05,2026-10-03,261.8522,213.8522,3118.5856,,1791159073004,0.005,0.98,0.02,0.995,40629.96,176.76,0.10571,0.998401,"{""Yes"": 0.0125, ""No"": 0.9875}","[""20062139152821574022877287458732111861718068036835113527211713750197127322180"", ""10908739701199145623689310176443793253430037734144670208164632885090778224908""]"
2026-10-05T00:10:02.814792+00:00,San Francisco,0x12136b058870d9dc14a02a0926475526e2b660fac3e66c172ba594ca09769afb,Will the highest temperature in San Francisco be between 92-93°F on October 5?,True,False,2026-10-05,2026-10-03,251.03,239.03,4020.77933,,1791159040547,,0.996,0.004,,41201.03,0.0,0.055302,,"{""Yes"": 0.002, ""No"": 0.998}","[""80352432403635987856123286028156224791760202389395613430981657440865734812170"", ""23426647583745604317131230261262738883895351407352394979822070676358824653054""]"
2026-10-05T00:10:02.814801+00:00,San Francisco,0x465afe0938ae8f46b864b39b2d2d0b928f7c2965cc71b9aeef61d3cbb442bbf9,Will the highest temperature in San Francisco be 94°F or higher on October 5?,True,False,2026-10-05,2026-10-03,221.07,180.0,3566.64674,,1791159063000,,0.996,0.004,,19891.69,0.0,0.052573,,"{""Yes"": 0.002, ""No"": 0.998}","[""25742713808706281821335028507569124311595164689462939490514645577066048163248"", ""26459462373173811077990222043247983662355285812146439080921891829813108117688""]"
2026-10-05T00:10:02.814810+00:00,San Francisco,0x6ad744908372766ff8f434c8c5def34cf4438cb1af87975c1c4ca41777dc0231,Will the lowest temperature in San Francisco be 53°F or below on October 6?,True,False,2026-10-06,2026-10-04,0.0,0.0,18.661,,1791155281657,0.03,0.9,0.1,0.97,81.38,436.96,,0.982277,"{""Yes"": 0.065, ""No"": 0.935}","[""25292435149446693390691343693694243849689540490601301211931141000397671957027"", ""86708088094305194319126812578225848152542550349995143285361703429448640465261""]"
2026-10-05T00:10:02.814819+00:00,San Francisco,0xff9ebdc8de29709f9e4c97539905d7303cdaf1eb53083ebcabd9e9aa4742843e,Will the lowest temperature in San Francisco be between 54-55°F on October 6?,True,False,2026-10-06,2026-10-04,0.0,0.0,631.9418,,1791157936725,,0.33,0.67,,11910.03,0.0,0.790159,,"{""Yes"": 0.335, ""No"": 0.665}","[""87772805157688887095708751875074470632027805164091748712761184140962808008341"", ""108096379886215105883229885235052269555090197259143410909203187335105926314303""]"
2026-10-05T00:10:02.814827+00:00,San Francisco,0x71983200ee99ab063d925af8e1c409280e269554e20206b90c0f53f8b8af543b,Will the lowest temperature in San Francisco be between 56-57°F on October 6?,True,False,2026-10-06,2026-10-04,0.0,0.0,625.2018,,1791158458733,,0.32,0.68,,11866.33,0.0,0.804778,,"{""Yes"": 0.34, ""No"": 0.66}","[""28741062715996637021169637100912524923746672279263313661258581977334799567511"", ""58223543333019946194304743901560739144330745156337935538493836117424629284691""]"
2026-10-05T00:10:02.814835+00:00,San Francisco,0x4628658dc072f806840f0d2cbb3321bb18dab7ee7554ee2c95e38c904e509b79,Will the lowest temperature in San Francisco be between 58-59°F on October 6?,True,False,2026-10-06,2026-10-04,0.0,0.0,623.5118,,1791158277047,,0.32,0.68,,11866.33,0.0,0.804778,,"{""Yes"": 0.34, ""No"": 0.66}","[""26988760730873476589229022235574814113783490889096347715494199890052172985260"", ""103288812429670384920366162023857114401241127621171494877900069247886536692151""]"
2026-10-05T00:10:02.814843+00:00,San Francisco,0x60c59e2b334e727f883b77df0aebff9662d88ae5118e9c23eba725e717d2838d,Will the lowest temperature in San Francisco be between 60-61°F on October 6?,True,False,2026-10-06,2026-10-04,0.0,0.0,623.5118,,1791158385052,,0.32,0.68,,11866.33,0.0,0.804778,,"{""Yes"": 0.34, ""No"": 0.66}","[""14669098839016494400428420888382200585959286083318323075398111743905956842334"", ""84063230164087750096600976850632990730337319558614955983717477852617116862375""]"
2026-10-05T00:10:02.814853+00:00,San Francisco,0x79f9fbdb58d239af37bd4ee7d01077df256f539954436342ae4d323d786226ca,Will the lowest temperature in San Francisco be between 62-63°F on October 6?,True,False,2026-10-06,2026-10-04,0.0,0.0,626.9418,,1791158770623,,0.33,0.67,,11900.36,0.0,0.790159,,"{""Yes"": 0.335, ""No"": 0.665}","[""26603885300760566164545300796713781956584140870250371489153025265329437774593"", ""58451471794895059406130110558116931980953851537090453748384611197037190767893""]"
2026-10-05T00:10:02.814860+00:00,San Francisco,0x841f60932eb33f1bdb368a056ebf587486905c308540f5aeedb4653339b69fba,Will the lowest temperature in San Francisco be between 64-65°F on October 6?,True,False,2026-10-06,2026-10-04,0.0,0.0,628.7618,,1791158548546,,0.33,0.67,,11884.34,0.0,0.790159,,"{""Yes"": 0.335, ""No"": 0.665}","[""6520824631651000364156665568962234211312810115106963922859489102580643857310"", ""11616141603965801896576506105150471234525744395942515045756792477637849125301""]"
2026-10-05T00:10:02.814868+00:00,San Francisco,0xd61a903653e6fe5be7e023ecc31ef3ec2e831975640d58ad82cd628341dedfb7,Will the lowest temperature in San Francisco be between 66-67°F on October 6?,True,False,2026-10-06,2026-10-04,0.0,0.0,628.6318,,1791158901873,,0.33,0.67,,11884.34,0.0,0.790159,,"{""Yes"": 0.335, ""No"": 0.665}","[""105178658325319208427818920316321754968516649186899187433976938182665909923519"", ""21916810608071757674045270811255132858966749688637179635285758494681225171245""]"
2026-10-05T00:10:02.814876+00:00,San Francisco,0x2aad1ac0e2f416629a755ed20c5e52938203f5b6b026ea0aa1d446f69f792ef3,Will the lowest temperature in San Francisco be between 68-69°F on October 6?,True,False,2026-10-06,2026-10-04,0.0,0.0,666.2618,,1791158164518,,0.33,0.67,,12126.71,0.0,0.787785,,"{""Yes"": 0.335, ""No"": 0.665}","[""28096015390294024869461864851811323055706249404318063786576415205182910005376"", ""111525899610937099042675294856519158169407379748492027014493107413379959499259""]"
2026-10-05T00:10:02.814884+00:00,San Francisco,0x49e88970ecd26cd5f8cbc639c8adf01503c77ec0d8a6b0992aad2ccf96e59394,Will the lowest temperature in San Francisco be between 70-71°F on October 6?,True,False,2026-10-06,2026-10-04,0.0,0.0,667.5418,,1791158293112,,0.33,0.67,,12176.56,0.0,0.787785,,"{""Yes"": 0.335, ""No"": 0.665}","[""64685319801068404708549716321880616688897489000473818680614875098469324973384"", ""14807718645785213124963322936308916887396207563286387076054004004777008687564""]"
2026-10-05T00:10:02.814892+00:00,San Francisco,0x24c491a36b6720cdee8f06c08501ba0034af52b1477e0d19970ba710e8b37be7,Will the lowest temperature in San Francisco be 72°F or higher on October 6?,True,False,2026-10-06,2026-10-04,0.0,0.0,4.0,,1791127974085,,0.03,0.97,,146.0,0.0,0.970297,,"{""Yes"": 0.485, ""No"": 0.515}","[""9488775096749059093939418060328200950542026198811854998803421255322692881361"", ""99227137731534715385532022369939609587647353053068004153012965105991634675271""]"
2026-10-05T00:10:02.814901+00:00,San Francisco,0xd4912349fe40402d736b4b180de5830563eec231e621ae69c3386e6bd5ce4072,Will the highest temperature in San Francisco be 77°F or below on October 6?,True,False,2026-10-06,2026-10-04,757.1091340000003,757.109134,2062.42299,,1791159047832,0.173,0.812,0.188,0.827,8358.7,3517.28,0.204244,0.827876,"{""Yes"": 0.1845, ""No"": 0.8155}","[""103173702253259821531479910147119792724492398484048382764294899248725317093991"", ""27410202993298040919752732911304004877440910326503572293426274604332723877247""]"
2026-10-05T00:10:02.814910+00:00,San Francisco,0xea5b31853139d3bcdcacbddac65d05a6b767dbe208df85d897e43d1fff7c716f,Will the highest temperature in San Francisco be between 78-79°F on October 6?,True,False,2026-10-06,2026-10-04,79.42857000000001,79.42857000000001,3209.2748,,1791159070879,0.14,0.84,0.16,0.86,13132.97,9263.99,0.192563,0.86,"{""Yes"": 0.155, ""No"": 0.845}","[""104409816960105590114346556013383347905804448570169743092195029101020966915085"", ""2608645193050509710435969170255772185940880672110183261517760486855579754420""]"
2026-10-05T00:10:02.814918+00:00,San Francisco,0x994f78fa377dfa669587d457245c7a91e879fa0dd967d3553c6df81f439a7d15,Will the highest temperature in San Francisco be between 80-81°F on October 6?,True,False,2026-10-06,2026-10-04,0.0,0.0,1210.6381,,1791159023342,,0.72,0.28,,16400.85,0.0,0.416864,,"{""Yes"": 0.1, ""No"": 0.9}","[""27738285296909357040750613097425531154267838191227017422675391611542678208385"", ""90656700242905939944250235063122999655728702831081869630600722862859494041750""]"
2026-10-05T00:10:02.814927+00:00,San Francisco,0xc8046901244d889957f7c3828b197882c73f0cab8e0ebaf5ddd1137726aa018e,Will the highest temperature in San Francisco be between 82-83°F on October 6?,True,False,2026-10-06,2026-10-04,10.0,10.0,1107.248,,1791158843397,,0.63,0.37,,13619.77,0.0,0.442145,,"{""Yes"": 0.1, ""No"": 0.9}","[""91377120507996871749390179623471447912785146494837681460221385590244965382167"", ""47389899236530656519427810076173299424224547905813126892675964012820118393366""]"
2026-10-05T00:10:02.814939+00:00,San Francisco,0xe33e9a0937d90e74d9923a042e919ec075dd322bb95f3bca41e57c17d3e39f2a,Will the highest temperature in San Francisco be between 84-85°F on October 6?,True,False,2026-10-06,2026-10-04,98.1,98.1,2237.0346,,1791159056941,0.17,0.82,0.18,0.83,13380.51,8964.29,0.223624,0.836653,"{""Yes"": 0.175, ""No"": 0.825}","[""30695733850482797853551099585307813281518835007624211664747694800711476924490"", ""95943373715282020523630855125947624897931644441166358193861719798605714160674""]"
2026-10-05T00:10:02.814948+00:00,San Francisco,0xb83a066c6dbc41e3951ecca42864e6e009bbf038d33b53a1c8ccd27d1e704e56,Will the highest temperature in San Francisco be between 86-87°F on October 6?,True,False,2026-10-06,2026-10-04,279.432289,279.432289,1833.0798,,1791159064564,0.14,0.83,0.17,0.86,16273.48,1999.0,0.180562,0.867138,"{""Yes"": 0.16, ""No"": 0.84}","[""50026699588527818383622529994948895823411279833208766600444790212523332584622"", ""42850423817773007165484379528269997742712236182421167094450946777102833872523""]"
2026-10-05T00:10:02.814956+00:00,San Francisco,0x7886e9f62a5a9f52204ff63ecfcc07788566b3b8cd8b01ac84fee2041e0c68b2,Will the highest temperature in San Francisco be between 88-89°F on October 6?,True,False,2026-10-06,2026-10-04,40.460499999999996,40.460499999999996,1571.6382,,1791159064093,0.04,0.92,0.08,0.96,13264.98,900.69,0.121078,0.968054,"{""Yes"": 0.06, ""No"": 0.94}","[""108229175024237011474773406230819329700539203946994251428179465908489385399792"", ""89334310502414880930380130232296697131852178831136173797150896651492038453272""]"
2026-10-05T00:10:02.814964+00:00,San Francisco,0xa834982699e735742aa5154ce4f82441194fdbfb8c488c149aea9c29dfd89f3a,Will the highest temperature in San Francisco be between 90-91°F on October 6?,True,False,2026-10-06,2026-10-04,100.404,100.404,1114.94896,,1791159019045,0.003,0.86,0.14,0.997,14961.42,564.01,0.291551,0.997,"{""Yes"": 0.037, ""No"": 0.963}","[""102858666340890978490575375785510928632225784609070141403982083540242846413488"", ""52826813371382245929912763542127168977088512540409914150848576298978912640269""]"
2026-10-05T00:10:02.814972+00:00,San Francisco,0x07d3ecf64ce9c6961e1f4c466f4614ff9bb1045ba97b2c5da25f13e34278c167,Will the highest temperature in San Francisco be between 92-93°F on October 6?,True,False,2026-10-06,2026-10-04,218.6351,223.6351,1699.80602,,1791158974843,0.001,0.94,0.06,0.999,21246.01,151.67,0.171377,0.999,"{""Yes"": 0.0305, ""No"": 0.9695}","[""11857470527578899458406323263795264400289999948778022991671808397841015758253"", ""82331750787267605089946274473301747990470981708150576783859725093935864005325""]"
2026-10-05T00:10:02.814980+00:00,San Francisco,0x14a017c29ac77a8fc8ead1294e51f5b03435da3d3d1997527c6233933af133ad,Will the highest temperature in San Francisco be between 94-95°F on October 6?,True,False,2026-10-06,2026-10-04,217.4151,217.4151,2179.72051,,1791158975144,0.001,0.95,0.05,0.999,21427.68,118.59,0.135222,0.999,"{""Yes"": 0.026, ""No"": 0.974}","[""526941353268170257412429483598003695790889125561909420794085794409115712487"", ""31547055668528360205993851093035347360497067458941259197899464156423182714623""]"
2026-10-05T00:10:02.814989+00:00,San Francisco,0x5e359d4a1f38feaa99543d51fcb780fd45fbb36cef5bab5857733a6569a68766,Will the highest temperature in San Francisco be 96°F or higher on October 6?,True,False,2026-10-06,2026-10-04,239.506669,239.506669,2562.49559,,1791159028429,0.002,0.977,0.023,0.998,9572.21,196.12,0.070431,0.99875,"{""Yes"": 0.01, ""No"": 0.99}","[""27778138904803385567515256361500826445643874981776319487174413686469181049072"", ""114857496800092904284760528689128537466196297537463054781572349340652308002865""]"
2026-10-05T05:38:48.238028+00:00,San Francisco,0xfcca0bc1631219cf7d890d921d242ae0c9b9d1548ec4f280fce30352b73f635f,Will the lowest temperature in San Francisco be 53°F or below on October 4?,True,False,2026-10-04,2026-10-02,68.0,0.0,336.541,,1791177872169,,0.98,0.02,,2541.46,0.0,0.316848,,"{""Yes"": 0.01, ""No"": 0.99}","[""16921814682382206384329059012686868856097787634677953013839802143352410924046"", ""81132787357028236748508087752062303012761688625706258700004618477160166997724""]"
2026-10-05T05:38:48.238064+00:00,San Francisco,0x48388f9b0e93bd0d71c6264920e178987608a234e3c7a639a3545ee36dc57d91,Will the lowest temperature in San Francisco be between 54-55°F on October 4?,True,False,2026-10-04,2026-10-02,14.994,14.994,121.8026,,1791178436293,,0.96,0.04,,412.58,0.0,0.51476,,"{""Yes"": 0.02, ""No"": 0.98}","[""90566672594034940668265443479792993867243384784274279875040599419715531737834"", ""30877982707642748138780467506923727317838570964906817024471496289880802090626""]"
2026-10-05T05:38:48.238083+00:00,San Francisco,0xc82530701e75a5a38937c9faedc180f06e29bf93d6767f4c1e1a61277acacaac,Will the lowest temperature in San Francisco be between 56-57°F on October 4?,True,False,2026-10-04,2026-10-02,14.994,14.994,121.0455,,1791178324424,,0.95,0.05,,451.0,0.0,0.511771,,"{""Yes"": 0.0245, ""No"": 0.9755}","[""30409931411898736364849752886592906619123049152493821517950552494555867695051"", ""110619492610383605609575548650878831515582309427308718611754094600384382683858""]"
2026-10-05T05:38:48.238101+00:00,San Francisco,0x2450df511630947fab2500ca8552705baa27e8fdc6d610d901ebcc74a8d14a90,Will the lowest temperature in San Francisco be between 58-59°F on October 4?,True,False,2026-10-04,2026-10-02,15.0,15.0,108.76468,,1791178314311,,0.944,0.056,,451.21,0.0,0.512126,,"{""Yes"": 0.028, ""No"": 0.972}","[""47955446730832540376440207542124018370041463686384680974252894687201194046712"", ""77714519179802630543304435467433109004787952877812705637622732998162961374677""]"
2026-10-05T05:38:48.238119+00:00,San Francisco,0x92d1cd79f2bfbe5c261a22f5ef3a5ca5c5030728e4c2f6e955fce847e6afa104,Will the lowest temperature in San Francisco be between 60-61°F on October 4?,True,False,2026-10-04,2026-10-02,15.0,15.0,44.74,,1791177872276,0.001,0.991,0.009,0.999,400.28,14.98,0.746797,,"{""Yes"": 0.005, ""No"": 0.995}","[""105602639057811935436619927613995928540534332241974271138339687700706502405386"", ""47767304145037089499815776276289916477277182208897847151820373323501215987829""]"
2026-10-05T05:38:48.238137+00:00,San Francisco,0xbed675e28e16c3021319c45dded9c989c154a00a389ee7fd581558880f54f98f,Will the lowest temperature in San Francisco be between 62-63°F on October 4?,True,False,2026-10-04,2026-10-02,15.0,15.0,0.0,,1791177572679,,,,,0.0,0.0,,,"{""Yes"": 0.5, ""No"": 0.5}","[""38841137164367465087522523881939898170406638675602252086384235866872548070968"", ""48020403098337999352218591071771415687198428273325985928793390497359856984335""]"
2026-10-05T05:38:48.238154+00:00,San Francisco,0x81ae118f4b10ba11eb8f333a52b45be6ce1b0f6efd3c426dfeb312083f2aa373,Will the lowest temperature in San Francisco be between 64-65°F on October 4?,True,False,2026-10-04,2026-10-02,0.0,0.0,282.4287,,1791178526013,0.91,,,0.09,0.0,52.64,,,"{""Yes"": 0.955, ""No"": 0.045}","[""86286078620253949895587135470101769766668353024174290044783700046253027789557"", ""101666347194846359695641707432820648943003754566554903461112727939996573703710""]"
2026-10-05T05:38:48.238170+00:00,San Francisco,0xd53c8f5fce92fe5683e5aef0652f527711786474001f3bde07360d0a252011e2,Will the lowest temperature in San Francisco be between 66-67°F on October 4?,True,False,2026-10-04,2026-10-02,25.0,25.0,10470.63755,,1791178747840,,0.999,0.001,,18011.79,0.0,0.009628,,"{""Yes"": 0.0005, ""No"": 0.9995}","[""44930603820712180350171909430791100449403990944106358406350577594725540542363"", ""1810176067525576906801008203680797355633801348019617118763574017891324514318""]"
2026-10-05T05:38:48.238188+00:00,San Francisco,0x7b6d861ee0e35857a0f81c0b75ce1814d2239f513422099de38862eca9bfa486,Will the lowest temperature in San Francisco be between 68-69°F on October 4?,True,False,2026-10-04,2026-10-02,0.0,0.0,10485.57665,,1791178717392,,0.999,0.001,,18012.77,0.0,0.009612,,"{""Yes"": 0.0005, ""No"": 0.9995}","[""23536978954932006664140279432533783347420548696848861886515323879865377774873"", ""109889337687221749865578404461852065233389643419850650199479773543544686206589""]"
2026-10-05T05:38:48.238205+00:00,San Francisco,0x6e39181fb9440a38caf60c7c15b2dfee4369c7f97e5c1de64fcdc7aba1c174a7,Will the lowest temperature in San Francisco be between 70-71°F on October 4?,True,False,2026-10-04,2026-10-02,0.0,0.0,10446.62905,,1791178749869,,0.999,0.001,,18011.39,0.0,0.009648,,"{""Yes"": 0.0005, ""No"": 0.9995}","[""50443547128723771577583327794370101942215988861458932905359250405840372718067"", ""105214880509256212297751103210484855360996284283770827957151392465644807098791""]"
2026-10-05T05:38:48.238222+00:00,San Francisco,0x901febfcd1fc2c1bad44dea9b5f86d302c83a9c3f3cbf9a34be23675884337b0,Will the lowest temperature in San Francisco be 72°F or higher on October 4?,True,False,2026-10-04,2026-10-02,20.0,0.0,9987.93335,,1791178703550,,0.999,0.001,,18013.44,0.0,0.010097,,"{""Yes"": 0.0005, ""No"": 0.9995}","[""6474137939456386999175780435589409414037050296189150604733315784917277338532"", ""114705716272111941788039911382346733550019661632395242631387730853115160699683""]"
2026-10-05T05:38:48.238242+00:00,San Francisco,0x57940776021de4ce37624f86b59002a8f082323dfa921653233de44884a24e81,Will the highest temperature in San Francisco be 73°F or below on October 4?,True,False,2026-10-04,2026-10-02,1519.3410000000001,1255.35,13411.00893,,1791178746020,,0.999,0.001,,11352.49,0.0,0.007679,,"{""Yes"": 0.0005, ""No"": 0.9995}","[""51340428792317461761496152192696739068801167122921973677023338717830347141020"", ""21879683752792501716795058515001891177689921481885035003482083759663822805243""]"
2026-10-05T05:38:48.238270+00:00,San Francisco,0x58554051764d5e6f4566e3540c1afbbd0e9afb10679b2f830fe73c0ee019fbca,Will the highest temperature in San Francisco be between 74-75°F on October 4?,True,False,2026-10-04,2026-10-02,3205.387992,3124.386992,16325.03853,,1791178745384,,0.999,0.001,,11382.51,0.0,0.006303,,"{""Yes"": 0.0005, ""No"": 0.9995}","[""44499541357885777485627355271902324090094281471357264427015739982525131136569"", ""71065831855651909214182631445310579608372459216323957298181980145367826317260""]"
2026-10-05T05:38:48.238287+00:00,San Francisco,0x353b20c97ecf4cd6c49a9072a066e28f2a140c276273f060b58bc2b65307e8b5,Will the highest temperature in San Francisco be between 76-77°F on October 4?,True,False,2026-10-04,2026-10-02,3972.974222,3565.333944,18791.45696,,1791178745207,,0.999,0.001,,11367.87,0.0,0.005446,,"{""Yes"": 0.0005, ""No"": 0.9995}","[""107836156708317574255792759113244121814248786112305708835306196655991972927152"", ""58419564727831349742058714393095988941837873990728909206837651028644897275441""]"
2026-10-05T05:38:48.238336+00:00,San Francisco,0x7812f1bebf545e7f405c33ec978d1687b8f254bdb2555fccbe2aa9b679408c8c,Will the highest temperature in San Francisco be between 78-79°F on October 4?,True,False,2026-10-04,2026-10-02,4032.8686019999996,3405.966602,18514.49312,,1791178743420,,0.999,0.001,,11345.22,0.0,0.005529,,"{""Yes"": 0.0005, ""No"": 0.9995}","[""53504839374025569868651150808935101388436311631539019422023788050330202206285"", ""103742431850799454659923546239335571424271284069907046868372888104328724947077""]"
2026-10-05T05:38:48.238355+00:00,San Francisco,0x0fcaf4141c5d6330f674090160b51ed97375d067d3b6e011f9247911f5d4ead3,Will the highest temperature in San Francisco be between 80-81°F on October 4?,True,False,2026-10-04,2026-10-02,20215.934819000006,18881.238416,23006.56073,,1791178769255,,0.999,0.001,,17349.45,0.0,0.004453,,"{""Yes"": 0.0005, ""No"": 0.9995}","[""9690088144040375031813841159042191423563018790719493343935825335578954921510"", ""98940531679835240991989734845904342849030648022385488103018726334913521948985""]"
2026-10-05T05:38:48.238372+00:00,San Francisco,0x7dd46babda5f3fa5e023799fb9029471a3b038ecda38196885c2fe441e3a43c0,Will the highest temperature in San Francisco be between 82-83°F on October 4?,True,False,2026-10-04,2026-10-02,4435.591665999998,3802.3505689999997,5292.17416,,1791178727002,0.999,,,0.001,0.0,34188.05,,0.019715,"{""Yes"": 0.9995, ""No"": 0.0005}","[""77568418686377698553450108782673430274170034517388098427025632266536805010829"", ""103621538163035062377963591052593759988939535700521721116443022675374514716824""]"
2026-10-05T05:38:48.238396+00:00,San Francisco,0x444b380e39813203677235349b84a7cdc52af04add0eceecc4e8c859428e4161,Will the highest temperature in San Francisco be between 84-85°F on October 4?,True,False,2026-10-04,2026-10-02,8509.927883999995,6813.846397999999,3477.71701,,1791178357793,,0.999,0.001,,34219.48,0.0,0.03055,,"{""Yes"": 0.0005, ""No"": 0.9995}","[""31454009574755260313620025993665091982233363339919886737382711891212016413866"", ""73947657033177065555115319004092770485676579501894611785526352580485224247027""]"
2026-10-05T05:38:48.238413+00:00,San Francisco,0xb1c463921698221dbea237aa24152cd69c7ebc017f0a2e5da4ca18e20b708553,Will the highest temperature in San Francisco be between 86-87°F on October 4?,True,False,2026-10-04,2026-10-02,5224.310537000001,3016.6060509999998,4448.22238,,1791177328851,,0.999,0.001,,35126.41,0.0,0.024092,,"{""Yes"": 0.0005, ""No"": 0.9995}","[""64270866459439297275482016416733695154840271222138620735343696870981794021192"", ""59801734532320811583585166534990510601199043802850525846755399086634599979555""]"
2026-10-05T05:38:48.238432+00:00,San Francisco,0x000bd4e97732180ec990ace4dde74a977ef8890db94901e0854253ffdf6ec7cd,Will the highest temperature in San Francisco be between 88-89°F on October 4?,True,False,2026-10-04,2026-10-02,4950.777843000002,2760.5285259999996,4701.82878,,1791178455762,,0.999,0.001,,33343.95,0.0,0.02265,,"{""Yes"": 0.0005, ""No"": 0.9995}","[""98244445294055855516390749592159871050691895453016401342175953590252572353935"", ""107022636064055047408901314758543476071511270842428909235280120476274902874885""]"
2026-10-05T05:38:48.238451+00:00,San Francisco,0xfc3e7eaceb1001e1c62fa477a72639be83b56265efaa33018f049f6cecb7fcb7,Will the highest temperature in San Francisco be between 90-91°F on October 4?,True,False,2026-10-04,2026-10-02,4949.948233,3582.426654,4293.64278,,1791178647297,,0.999,0.001,,35146.46,0.0,0.025096,,"{""Yes"": 0.0005, ""No"": 0.9995}","[""73676546509020064009843644721630618517216259481119622620864729506650693705634"", ""98137818342297419507711512524732030007632503277736184688447842983885940872639""]"
2026-10-05T05:38:48.238461+00:00,San Francisco,0x2116dcacac56ba024ba333196e9543eb9e01cace935311eefe05f4f3f5817950,Will the highest temperature in San Francisco be 92°F or higher on October 4?,True,False,2026-10-04,2026-10-02,3695.545969,3358.5728419999996,9924.27674,,1791178767427,,0.999,0.001,,29359.51,0.0,0.015181,,"{""Yes"": 0.0005, ""No"": 0.9995}","[""37617405012208327040740861164291461038584173643847602656332198780579906477406"", ""17217600493635795115704006670318925086191654482183025230037166623384613824091""]"
2026-10-05T05:38:48.238474+00:00,San Francisco,0x8ca2e699fdd2938f3cfc08f6604c7bdd5dc84a0d6697e0cdce5eca407eeef006,Will the lowest temperature in San Francisco be 55°F or below on October 5?,True,False,2026-10-05,2026-10-03,131.7277,131.7277,37.157,,1791178533019,,0.95,0.05,,373.46,0.0,0.815722,,"{""Yes"": 0.025, ""No"": 0.975}","[""105040284729086326413169861518207668642872414957170303065010259342871244406082"", ""43563808338011336738351088871807992190909733396192081417156299274255649895098""]"
2026-10-05T05:38:48.238483+00:00,San Francisco,0xe6dd8c1e03cbd54033280cffa80768d94b663f5267fcbe23605dfa89be094a89,Will the lowest temperature in San Francisco be between 56-57°F on October 5?,True,False,2026-10-05,2026-10-03,0.0,0.0,42.6618,,1791178532782,,0.32,0.68,,984.71,0.0,0.803345,,"{""Yes"": 0.34, ""No"": 0.66}","[""31827684741875339881672700132852966068571536186385656404413689568698067803183"", ""49111763548322470570551155153077602136612714757504159913164014389103927173307""]"
2026-10-05T05:38:48.238491+00:00,San Francisco,0xcaaaf9ccce7829242457a5f46b6874880b2c8f9acf68f5b76dacb7b9d5a97ab8,Will the lowest temperature in San Francisco be between 58-59°F on October 5?,True,False,2026-10-05,2026-10-03,0.0,0.0,65.1418,,1791178532778,,0.32,0.68,,970.23,0.0,0.800422,,"{""Yes"": 0.34, ""No"": 0.66}","[""54917046396521302915840852466218165469950119722345714315142310875557227847183"", ""100916174748133243623135701639860477644014215212148722370481350712066375579585""]"
2026-10-05T05:38:48.238501+00:00,San Francisco,0xe9fa8e7b1c77137da61f3f60a448b00574edd74a2d51d7914072dcf55a29586a,Will the lowest temperature in San Francisco be between 60-61°F on October 5?,True,False,2026-10-05,2026-10-03,29.0,29.0,67.0618,,1791178532781,,0.32,0.68,,984.11,0.0,0.798969,,"{""Yes"": 0.34, ""No"": 0.66}","[""24779128874767187124355576563140622753040119521689389610638446139685001118693"", ""66695161092783065566906730075455312568224272237921533683647161617881422813381""]"
2026-10-05T05:38:48.238512+00:00,San Francisco,0xef54283bc91ca51b72a374044e8239d79e0d85962a83a51bbe8bd49252b1d1ac,Will the lowest temperature in San Francisco be between 62-63°F on October 5?,True,False,2026-10-05,2026-10-03,0.0,0.0,117.6217,,1791178532746,0.17,0.33,0.67,0.83,386.11,562.16,0.802756,0.83,"{""Yes"": 0.42, ""No"": 0.58}","[""612575957857496086005392302505721270186338663239995543019255472021045112472"", ""95990107347513197031418999147850078605970799102928839095939976788450909472767""]"
2026-10-05T05:38:48.238521+00:00,San Francisco,0x2f335fa72592f97d39b61de4ad238534278b28b386e6f8f0bf74eb19223a199b,Will the lowest temperature in San Francisco be between 64-65°F on October 5?,True,False,2026-10-05,2026-10-03,0.0,0.0,67.0618,,1791178532779,,0.32,0.68,,970.03,0.0,0.798969,,"{""Yes"": 0.34, ""No"": 0.66}","[""95800838380937843579607720941003878688399274003233690812090339825595331561005"", ""91280797221934051386984818808011408980244770186571828517139988241698804496516""]"
2026-10-05T05:38:48.238530+00:00,San Francisco,0xa43716eb2dde3cca38de1815e03def191f1887d2e169fe29b2cfaf74b84971e3,Will the lowest temperature in San Francisco be between 66-67°F on October 5?,True,False,2026-10-05,2026-10-03,0.0,0.0,65.1418,,1791178532779,,0.32,0.68,,970.03,0.0,0.798969,,"{""Yes"": 0.34, ""No"": 0.66}","[""18392617470029657107892181497787471761304300771434849429782157750198816609340"", ""8916630222495460007463250460726646087937930775151001354390712867016408254666""]"
2026-10-05T05:38:48.238539+00:00,San Francisco,0xbbc5ee1593eb67bf3330cd941f57598e532d5be2be45afa55181824ccd7e6f80,Will the lowest temperature in San Francisco be between 68-69°F on October 5?,True,False,2026-10-05,2026-10-03,0.0,0.0,65.1418,,1791178532783,,0.32,0.68,,970.03,0.0,0.798969,,"{""Yes"": 0.34, ""No"": 0.66}","[""31007891856192081092740105258896157997456124851512036906527186343904138677423"", ""24047937787157174490670860406737471690779700995035631854255622373225272304126""]"
2026-10-05T05:38:48.238549+00:00,San Francisco,0x6fa94a6215b9df49628856a3c029f6054052bb919dcad66974a363d817ecaf0d,Will the lowest temperature in San Francisco be between 70-71°F on October 5?,True,False,2026-10-05,2026-10-03,0.0,0.0,65.1418,,1791178532784,,0.32,0.68,,970.03,0.0,0.798969,,"{""Yes"": 0.34, ""No"": 0.66}","[""65452130360995863622043549103225250570404282430726629188381410931401704883257"", ""96441886950528821303313703835930650471583202218419571410336165742942348164481""]"
2026-10-05T05:38:48.238558+00:00,San Francisco,0xdc4e8dbe0f5f6a2e73ec5684ff6f14a747b1121a0344c23c65aac9d3c08d4aa5,Will the lowest temperature in San Francisco be between 72-73°F on October 5?,True,False,2026-10-05,2026-10-03,0.0,0.0,50.6618,,1791178532780,,0.32,0.68,,1033.11,0.0,0.798969,,"{""Yes"": 0.34, ""No"": 0.66}","[""101218232793543835713151938904252270731749513912033215563114774424893314461058"", ""62175774200751487959434678937353372033866715490920825443286352717383123945465""]"
2026-10-05T05:38:48.238570+00:00,San Francisco,0xcbfb5352322b6e7ce6e1545cc5b2f52b2e56eedc95781835e3863b60ba0f853f,Will the lowest temperature in San Francisco be 74°F or higher on October 5?,True,False,2026-10-05,2026-10-03,0.0,0.0,13.95,,1791178532782,,0.05,0.95,,702.05,0.0,0.960396,,"{""Yes"": 0.475, ""No"": 0.525}","[""73086412563789800862662880174006080656296524402627992432939473375724485432523"", ""54355908278793680419345276960584127022622109976426962513158140334456648350221""]"
2026-10-05T05:38:48.238585+00:00,San Francisco,0x8499a2a772e62ca34291b28dabc2bc2d8caa8ffa897ea5cbfbd12b5f5fa5a702,Will the highest temperature in San Francisco be 75°F or below on October 5?,True,False,2026-10-05,2026-10-03,161.600349,144.78591600000001,1836.49332,,1791178756539,0.003,0.981,0.019,0.997,26974.37,203.47,0.136509,0.997679,"{""Yes"": 0.011, ""No"": 0.989}","[""6877426540621176116081248011330869189990145763294610159810027909091071759995"", ""73345294263758220925480042586509556501331049291651747631198592840103202967103""]"
2026-10-05T05:38:48.238595+00:00,San Francisco,0x876ef8192b5c728fd671cc555336b4fa84e441ddf4602feaa7f8f54beb937170,Will the highest temperature in San Francisco be between 76-77°F on October 5?,True,False,2026-10-05,2026-10-03,455.74837499999995,455.748375,2689.42197,,1791178723576,0.064,0.92,0.08,0.936,34206.48,8395.38,0.115488,0.953325,"{""Yes"": 0.072, ""No"": 0.928}","[""75011191329132884110617133671613634016190394777204918034775530265877091788339"", ""36501002160763714197451703835680272985311605479758207066559848783748554162284""]"
2026-10-05T05:38:48.238604+00:00,San Francisco,0xb934ebe9680ca7f69f2186c3914bc2855efe2c597e5a2cc6355e383ee0362700,Will the highest temperature in San Francisco be between 78-79°F on October 5?,True,False,2026-10-05,2026-10-03,2280.208522,2280.208522,2395.5398,,1791178776945,0.21,0.78,0.22,0.79,10942.23,2658.94,0.24153,0.79,"{""Yes"": 0.215, ""No"": 0.785}","[""101776589326821687552441035300511917997642587906428054019008662496349563317840"", ""99875154902440996531933485830315692613821112127139769273998194181830146462862""]"
2026-10-05T05:38:48.238613+00:00,San Francisco,0xae65588b60de1a4b5a1bd6b50c05e18ee61c2c5596e7e73cccd467f308773953,Will the highest temperature in San Francisco be between 80-81°F on October 5?,True,False,2026-10-05,2026-10-03,525.947455,522.3760299999999,2735.8503,,1791178757849,0.25,0.71,0.29,0.75,10550.21,3832.42,0.295865,0.75,"{""Yes"": 0.27, ""No"": 0.73}","[""48885239237975197527356059762006864879833662753171993383711992619769471195297"", ""31177739214412092790490597653304408500291462723329222345166367602243031636416""]"
2026-10-05T05:38:48.238624+00:00,San Francisco,0xfbe2f6831fd98f475139a2139115ed4444a8ac597fc371c27503e979fe874052,Will the highest temperature in San Francisco be between 82-83°F on October 5?,True,False,2026-10-05,2026-10-03,1012.8512679999999,931.141801,2022.1506,,1791178756513,0.19,0.79,0.21,0.81,10511.39,3088.02,0.249243,0.81,"{""Yes"": 0.2, ""No"": 0.8}","[""65640308390408316177808299831992760461028244449127014422787061395382166983139"", ""17484856116663294393452654433440396452879026930136666628520041889172277676231""]"
2026-10-05T05:38:48.238633+00:00,San Francisco,0xcc6390b8ae3fde1a8133fe25096193c04420df15748e99e42576a2214b1d67e8,Will the highest temperature in San Francisco be between 84-85°F on October 5?,True,False,2026-10-05,2026-10-03,666.0148780000001,618.3534490000001,2796.7937,,1791178731606,0.1,0.86,0.14,0.9,9418.98,2175.53,0.147391,0.9,"{""Yes"": 0.12, ""No"": 0.88}","[""86679467338601887304812994259310518461740193453419170264703202844882723870256"", ""41171508994977035824176656598387612106025505213924222585097689117350445500829""]"
2026-10-05T05:38:48.238643+00:00,San Francisco,0xcd91c8d8762056b7324ab26b09f2e2a36932f6996d53095135fbb0aeceb8dff8,Will the highest temperature in San Francisco be between 86-87°F on October 5?,True,False,2026-10-05,2026-10-03,1454.275254,1232.553054,2793.479,,1791178730879,0.07,0.92,0.08,0.93,12484.93,3132.65,0.134971,0.930233,"{""Yes"": 0.075, ""No"": 0.925}","[""49960165076476803133000374658599541105858323301206102972659729368728525264681"", ""46974389304052219902373667761775855568550038220243295634661593401220807938921""]"
2026-10-05T05:38:48.238653+00:00,San Francisco,0x58342fbc0ca991924964f7063b63845086a9369991da7ede24722d0d44997fb0,Will the highest temperature in San Francisco be between 88-89°F on October 5?,True,False,2026-10-05,2026-10-03,640.0504699999999,561.0404699999999,2927.45654,,1791178723575,0.006,0.981,0.019,0.994,37013.59,129.89,0.120189,0.997797,"{""Yes"": 0.0195, ""No"": 0.9805}","[""103051949727560710533575308645647899188675750761254213223505133972902730901651"", ""45710005603973058568384528260065304760276197176882406312797913834944867975869""]"
2026-10-05T05:38:48.238662+00:00,San Francisco,0x8e2eb854d0cb8f7799ae144c17beeb70eee027416e9e199cbd03084bfe1e48ac,Will the highest temperature in San Francisco be between 90-91°F on October 5?,True,False,2026-10-05,2026-10-03,350.75817499999994,280.758175,2506.18712,,1791178750541,0.008,0.991,0.009,0.992,33685.31,1655.8,0.087507,0.992,"{""Yes"": 0.0085, ""No"": 0.9915}","[""20062139152821574022877287458732111861718068036835113527211713750197127322180"", ""10908739701199145623689310176443793253430037734144670208164632885090778224908""]"
2026-10-05T05:38:48.238674+00:00,San Francisco,0x12136b058870d9dc14a02a0926475526e2b660fac3e66c172ba594ca09769afb,Will the highest temperature in San Francisco be between 92-93°F on October 5?,True,False,2026-10-05,2026-10-03,251.03,195.03,2657.26114,,1791178740911,,0.995,0.005,,33622.91,0.0,0.080813,,"{""Yes"": 0.0025, ""No"": 0.9975}","[""80352432403635987856123286028156224791760202389395613430981657440865734812170"", ""23426647583745604317131230261262738883895351407352394979822070676358824653054""]"
2026-10-05T05:38:48.238683+00:00,San Francisco,0x465afe0938ae8f46b864b39b2d2d0b928f7c2965cc71b9aeef61d3cbb442bbf9,Will the highest temperature in San Francisco be 94°F or higher on October 5?,True,False,2026-10-05,2026-10-03,221.07,180.0,2798.23408,,1791178719513,,0.995,0.005,,26847.02,0.0,0.073922,,"{""Yes"": 0.0025, ""No"": 0.9975}","[""25742713808706281821335028507569124311595164689462939490514645577066048163248"", ""26459462373173811077990222043247983662355285812146439080921891829813108117688""]"
2026-10-05T05:38:48.238693+00:00,San Francisco,0x6ad744908372766ff8f434c8c5def34cf4438cb1af87975c1c4ca41777dc0231,Will the lowest temperature in San Francisco be 53°F or below on October 6?,True,False,2026-10-06,2026-10-04,0.0,0.0,18.661,,1791173998000,0.03,0.9,0.1,0.97,81.38,436.96,,0.982277,"{""Yes"": 0.065, ""No"": 0.935}","[""25292435149446693390691343693694243849689540490601301211931141000397671957027"", ""86708088094305194319126812578225848152542550349995143285361703429448640465261""]"
2026-10-05T05:38:48.238701+00:00,San Francisco,0xff9ebdc8de29709f9e4c97539905d7303cdaf1eb53083ebcabd9e9aa4742843e,Will the lowest temperature in San Francisco be between 54-55°F on October 6?,True,False,2026-10-06,2026-10-04,0.0,0.0,94.0418,,1791178405499,,0.32,0.68,,4309.23,0.0,0.814616,,"{""Yes"": 0.335, ""No"": 0.665}","[""87772805157688887095708751875074470632027805164091748712761184140962808008341"", ""108096379886215105883229885235052269555090197259143410909203187335105926314303""]"
2026-10-05T05:38:48.238710+00:00,San Francisco,0x71983200ee99ab063d925af8e1c409280e269554e20206b90c0f53f8b8af543b,Will the lowest temperature in San Francisco be between 56-57°F on October 6?,True,False,2026-10-06,2026-10-04,0.0,0.0,90.7518,,1791173256498,,0.32,0.68,,4313.22,0.0,0.814616,,"{""Yes"": 0.34, ""No"": 0.66}","[""28741062715996637021169637100912524923746672279263313661258581977334799567511"", ""58223543333019946194304743901560739144330745156337935538493836117424629284691""]"
2026-10-05T05:38:48.238718+00:00,San Francisco,0x4628658dc072f806840f0d2cbb3321bb18dab7ee7554ee2c95e38c904e509b79,Will the lowest temperature in San Francisco be between 58-59°F on October 6?,True,False,2026-10-06,2026-10-04,0.0,0.0,93.2718,,1791178234000,,0.32,0.68,,4319.68,0.0,0.814616,,"{""Yes"": 0.34, ""No"": 0.66}","[""26988760730873476589229022235574814113783490889096347715494199890052172985260"", ""103288812429670384920366162023857114401241127621171494877900069247886536692151""]"
2026-10-05T05:38:48.238727+00:00,San Francisco,0x60c59e2b334e727f883b77df0aebff9662d88ae5118e9c23eba725e717d2838d,Will the lowest temperature in San Francisco be between 60-61°F on October 6?,True,False,2026-10-06,2026-10-04,0.0,0.0,90.7518,,1791173256500,,0.32,0.68,,4313.22,0.0,0.814616,,"{""Yes"": 0.34, ""No"": 0.66}","[""14669098839016494400428420888382200585959286083318323075398111743905956842334"", ""84063230164087750096600976850632990730337319558614955983717477852617116862375""]"
2026-10-05T05:38:48.238737+00:00,San Francisco,0x79f9fbdb58d239af37bd4ee7d01077df256f539954436342ae4d323d786226ca,Will the lowest temperature in San Francisco be between 62-63°F on October 6?,True,False,2026-10-06,2026-10-04,0.0,0.0,94.0418,,1791178405727,,0.32,0.68,,4309.23,0.0,0.814616,,"{""Yes"": 0.335, ""No"": 0.665}","[""26603885300760566164545300796713781956584140870250371489153025265329437774593"", ""58451471794895059406130110558116931980953851537090453748384611197037190767893""]"
2026-10-05T05:38:48.238747+00:00,San Francisco,0x841f60932eb33f1bdb368a056ebf587486905c308540f5aeedb4653339b69fba,Will the lowest temperature in San Francisco be between 64-65°F on October 6?,True,False,2026-10-06,2026-10-04,0.0,0.0,94.0418,,1791178406680,,0.32,0.68,,4309.23,0.0,0.814616,,"{""Yes"": 0.335, ""No"": 0.665}","[""6520824631651000364156665568962234211312810115106963922859489102580643857310"", ""11616141603965801896576506105150471234525744395942515045756792477637849125301""]"
2026-10-05T05:38:48.238755+00:00,San Francisco,0xd61a903653e6fe5be7e023ecc31ef3ec2e831975640d58ad82cd628341dedfb7,Will the lowest temperature in San Francisco be between 66-67°F on October 6?,True,False,2026-10-06,2026-10-04,0.0,0.0,94.0418,,1791178406680,,0.32,0.68,,4309.23,0.0,0.814616,,"{""Yes"": 0.335, ""No"": 0.665}","[""105178658325319208427818920316321754968516649186899187433976938182665909923519"", ""21916810608071757674045270811255132858966749688637179635285758494681225171245""]"
2026-10-05T05:38:48.238765+00:00,San Francisco,0x2aad1ac0e2f416629a755ed20c5e52938203f5b6b026ea0aa1d446f69f792ef3,Will the lowest temperature in San Francisco be between 68-69°F on October 6?,True,False,2026-10-06,2026-10-04,0.0,0.0,94.0418,,1791178406680,,0.32,0.68,,4309.23,0.0,0.814616,,"{""Yes"": 0.335, ""No"": 0.665}","[""28096015390294024869461864851811323055706249404318063786576415205182910005376"", ""111525899610937099042675294856519158169407379748492027014493107413379959499259""]"
2026-10-05T05:38:48.238775+00:00,San Francisco,0x49e88970ecd26cd5f8cbc639c8adf01503c77ec0d8a6b0992aad2ccf96e59394,Will the lowest temperature in San Francisco be between 70-71°F on October 6?,True,False,2026-10-06,2026-10-04,0.0,0.0,95.0418,,1791178406680,,0.32,0.68,,4358.23,0.0,0.814616,,"{""Yes"": 0.335, ""No"": 0.665}","[""64685319801068404708549716321880616688897489000473818680614875098469324973384"", ""14807718645785213124963322936308916887396207563286387076054004004777008687564""]"
2026-10-05T05:38:48.238783+00:00,San Francisco,0x24c491a36b6720cdee8f06c08501ba0034af52b1477e0d19970ba710e8b37be7,Will the lowest temperature in San Francisco be 72°F or higher on October 6?,True,False,2026-10-06,2026-10-04,0.0,0.0,4.0,,1791178406680,,0.02,0.98,,49.0,0.0,,,"{""Yes"": 0.485, ""No"": 0.515}","[""9488775096749059093939418060328200950542026198811854998803421255322692881361"", ""99227137731534715385532022369939609587647353053068004153012965105991634675271""]"
2026-10-05T05:38:48.238792+00:00,San Francisco,0xd4912349fe40402d736b4b180de5830563eec231e621ae69c3386e6bd5ce4072,Will the highest temperature in San Francisco be 77°F or below on October 6?,True,False,2026-10-06,2026-10-04,2398.605715,2398.605715,1519.52468,,1791178775193,0.32,0.677,0.323,0.68,19851.47,1897.69,0.334767,0.703513,"{""Yes"": 0.3215, ""No"": 0.6785}","[""103173702253259821531479910147119792724492398484048382764294899248725317093991"", ""27410202993298040919752732911304004877440910326503572293426274604332723877247""]"
2026-10-05T05:38:48.238801+00:00,San Francisco,0xea5b31853139d3bcdcacbddac65d05a6b767dbe208df85d897e43d1fff7c716f,Will the highest temperature in San Francisco be between 78-79°F on October 6?,True,False,2026-10-06,2026-10-04,468.10636600000004,468.106366,2007.6704,,1791178775030,0.2,0.79,0.21,0.8,16725.71,3520.98,0.2505,0.8,"{""Yes"": 0.205, ""No"": 0.795}","[""104409816960105590114346556013383347905804448570169743092195029101020966915085"", ""2608645193050509710435969170255772185940880672110183261517760486855579754420""]"
2026-10-05T05:38:48.238813+00:00,San Francisco,0x994f78fa377dfa669587d457245c7a91e879fa0dd967d3553c6df81f439a7d15,Will the highest temperature in San Francisco be between 80-81°F on October 6?,True,False,2026-10-06,2026-10-04,14.0,14.0,1371.7256,,1791178775032,0.15,0.82,0.18,0.85,13459.84,2124.12,0.218869,0.85,"{""Yes"": 0.16, ""No"": 0.84}","[""27738285296909357040750613097425531154267838191227017422675391611542678208385"", ""90656700242905939944250235063122999655728702831081869630600722862859494041750""]"
2026-10-05T05:38:48.238822+00:00,San Francisco,0xc8046901244d889957f7c3828b197882c73f0cab8e0ebaf5ddd1137726aa018e,Will the highest temperature in San Francisco be between 82-83°F on October 6?,True,False,2026-10-06,2026-10-04,54.076087,54.076087,1709.712,,1791178764363,0.12,0.86,0.14,0.88,13322.48,2519.39,0.217228,0.886366,"{""Yes"": 0.12, ""No"": 0.88}","[""91377120507996871749390179623471447912785146494837681460221385590244965382167"", ""47389899236530656519427810076173299424224547905813126892675964012820118393366""]"
2026-10-05T05:38:48.238832+00:00,San Francisco,0xe33e9a0937d90e74d9923a042e919ec075dd322bb95f3bca41e57c17d3e39f2a,Will the highest temperature in San Francisco be between 84-85°F on October 6?,True,False,2026-10-06,2026-10-04,169.58764999999997,169.58765,1987.36,,1791178775035,0.06,0.89,0.11,0.94,16497.43,2021.04,0.184845,0.954989,"{""Yes"": 0.085, ""No"": 0.915}","[""30695733850482797853551099585307813281518835007624211664747694800711476924490"", ""95943373715282020523630855125947624897931644441166358193861719798605714160674""]"
2026-10-05T05:38:48.238842+00:00,San Francisco,0xb83a066c6dbc41e3951ecca42864e6e009bbf038d33b53a1c8ccd27d1e704e56,Will the highest temperature in San Francisco be between 86-87°F on October 6?,True,False,2026-10-06,2026-10-04,340.20405300000004,340.20405300000004,1951.4123,,1791178775037,0.07,0.9,0.1,0.93,16228.03,2606.31,0.188486,0.938133,"{""Yes"": 0.09, ""No"": 0.91}","[""50026699588527818383622529994948895823411279833208766600444790212523332584622"", ""42850423817773007165484379528269997742712236182421167094450946777102833872523""]"
2026-10-05T05:38:48.238851+00:00,San Francisco,0x7886e9f62a5a9f52204ff63ecfcc07788566b3b8cd8b01ac84fee2041e0c68b2,Will the highest temperature in San Francisco be between 88-89°F on October 6?,True,False,2026-10-06,2026-10-04,64.274933,64.274933,2078.2261,,1791178775318,0.03,0.95,0.05,0.97,13216.18,60.94,0.143372,,"{""Yes"": 0.04, ""No"": 0.96}","[""108229175024237011474773406230819329700539203946994251428179465908489385399792"", ""89334310502414880930380130232296697131852178831136173797150896651492038453272""]"
2026-10-05T05:38:48.238862+00:00,San Francisco,0xa834982699e735742aa5154ce4f82441194fdbfb8c488c149aea9c29dfd89f3a,Will the highest temperature in San Francisco be between 90-91°F on October 6?,True,False,2026-10-06,2026-10-04,149.16358799999998,149.163588,2350.92341,,1791178775039,0.003,0.972,0.028,0.997,21575.66,447.87,0.120771,0.997,"{""Yes"": 0.015, ""No"": 0.985}","[""102858666340890978490575375785510928632225784609070141403982083540242846413488"", ""52826813371382245929912763542127168977088512540409914150848576298978912640269""]"
2026-10-05T05:38:48.238870+00:00,San Francisco,0x07d3ecf64ce9c6961e1f4c466f4614ff9bb1045ba97b2c5da25f13e34278c167,Will the highest temperature in San Francisco be between 92-93°F on October 6?,True,False,2026-10-06,2026-10-04,239.6351,244.6351,2586.69404,,1791178746609,0.001,0.951,0.049,0.999,21679.58,144.68,0.112765,0.999,"{""Yes"": 0.025, ""No"": 0.975}","[""11857470527578899458406323263795264400289999948778022991671808397841015758253"", ""82331750787267605089946274473301747990470981708150576783859725093935864005325""]"
2026-10-05T05:38:48.238879+00:00,San Francisco,0x14a017c29ac77a8fc8ead1294e51f5b03435da3d3d1997527c6233933af133ad,Will the highest temperature in San Francisco be between 94-95°F on October 6?,True,False,2026-10-06,2026-10-04,262.4151,262.4151,2787.11692,,1791178775027,0.001,0.97,0.03,0.999,21736.87,104.61,0.101585,0.999,"{""Yes"": 0.0155, ""No"": 0.9845}","[""526941353268170257412429483598003695790889125561909420794085794409115712487"", ""31547055668528360205993851093035347360497067458941259197899464156423182714623""]"
2026-10-05T05:38:48.238888+00:00,San Francisco,0x5e359d4a1f38feaa99543d51fcb780fd45fbb36cef5bab5857733a6569a68766,Will the highest temperature in San Francisco be 96°F or higher on October 6?,True,False,2026-10-06,2026-10-04,328.546669,328.546669,3024.44018,,1791178746598,0.001,0.998,0.002,0.999,8936.07,306.97,0.050257,0.999,"{""Yes"": 0.0015, ""No"": 0.9985}","[""27778138904803385567515256361500826445643874981776319487174413686469181049072"", ""114857496800092904284760528689128537466196297537463054781572349340652308002865""]"
2026-10-05T14:38:12.077098+00:00,San Francisco,0x8ca2e699fdd2938f3cfc08f6604c7bdd5dc84a0d6697e0cdce5eca407eeef006,Will the lowest temperature in San Francisco be 55°F or below on October 5?,True,False,2026-10-05,2026-10-03,131.7277,59.74,64.705,,1791211089369,,0.9,0.1,,207.92,0.0,0.564553,,"{""Yes"": 0.05, ""No"": 0.95}","[""105040284729086326413169861518207668642872414957170303065010259342871244406082"", ""43563808338011336738351088871807992190909733396192081417156299274255649895098""]"
2026-10-05T14:38:12.077138+00:00,San Francisco,0xe6dd8c1e03cbd54033280cffa80768d94b663f5267fcbe23605dfa89be094a89,Will the lowest temperature in San Francisco be between 56-57°F on October 5?,True,False,2026-10-05,2026-10-03,0.0,0.0,5.0209,,1791209364729,,0.03,0.97,,179.01,0.0,0.97,,"{""Yes"": 0.485, ""No"": 0.515}","[""31827684741875339881672700132852966068571536186385656404413689568698067803183"", ""49111763548322470570551155153077602136612714757504159913164014389103927173307""]"
2026-10-05T14:38:12.077161+00:00,San Francisco,0xcaaaf9ccce7829242457a5f46b6874880b2c8f9acf68f5b76dacb7b9d5a97ab8,Will the lowest temperature in San Francisco be between 58-59°F on October 5?,True,False,2026-10-05,2026-10-03,42.24,42.24,191.3448,,1791210923283,0.9,,,0.1,0.0,97.06,,,"{""Yes"": 0.95, ""No"": 0.05}","[""54917046396521302915840852466218165469950119722345714315142310875557227847183"", ""100916174748133243623135701639860477644014215212148722370481350712066375579585""]"
2026-10-05T14:38:12.077177+00:00,San Francisco,0xe9fa8e7b1c77137da61f3f60a448b00574edd74a2d51d7914072dcf55a29586a,Will the lowest temperature in San Francisco be between 60-61°F on October 5?,True,False,2026-10-05,2026-10-03,273.0,273.0,3912.18727,,1791211109903,,0.999,0.001,,24379.91,0.0,0.027376,,"{""Yes"": 0.0005, ""No"": 0.9995}","[""24779128874767187124355576563140622753040119521689389610638446139685001118693"", ""66695161092783065566906730075455312568224272237921533683647161617881422813381""]"
2026-10-05T14:38:12.077191+00:00,San Francisco,0xef54283bc91ca51b72a374044e8239d79e0d85962a83a51bbe8bd49252b1d1ac,Will the lowest temperature in San Francisco be between 62-63°F on October 5?,True,False,2026-10-05,2026-10-03,29.994816999999998,29.994816999999998,12021.04244,,1791211037043,,0.999,0.001,,18275.38,0.0,0.008775,,"{""Yes"": 0.0005, ""No"": 0.9995}","[""612575957857496086005392302505721270186338663239995543019255472021045112472"", ""95990107347513197031418999147850078605970799102928839095939976788450909472767""]"
2026-10-05T14:38:12.077204+00:00,San Francisco,0x2f335fa72592f97d39b61de4ad238534278b28b386e6f8f0bf74eb19223a199b,Will the lowest temperature in San Francisco be between 64-65°F on October 5?,True,False,2026-10-05,2026-10-03,35.0,35.0,12385.62103,,1791210550021,,0.999,0.001,,7637.19,0.0,0.008554,,"{""Yes"": 0.0005, ""No"": 0.9995}","[""95800838380937843579607720941003878688399274003233690812090339825595331561005"", ""91280797221934051386984818808011408980244770186571828517139988241698804496516""]"
2026-10-05T14:38:12.077216+00:00,San Francisco,0xa43716eb2dde3cca38de1815e03def191f1887d2e169fe29b2cfaf74b84971e3,Will the lowest temperature in San Francisco be between 66-67°F on October 5?,True,False,2026-10-05,2026-10-03,0.0,0.0,12533.77353,,1791210500021,,0.999,0.001,,7429.5,0.0,0.008434,,"{""Yes"": 0.0005, ""No"": 0.9995}","[""18392617470029657107892181497787471761304300771434849429782157750198816609340"", ""8916630222495460007463250460726646087937930775151001354390712867016408254666""]"
2026-10-05T14:38:12.077227+00:00,San Francisco,0xbbc5ee1593eb67bf3330cd941f57598e532d5be2be45afa55181824ccd7e6f80,Will the lowest temperature in San Francisco be between 68-69°F on October 5?,True,False,2026-10-05,2026-10-03,0.0,0.0,12594.41953,,1791210670033,,0.999,0.001,,204.54,0.0,0.008373,,"{""Yes"": 0.0005, ""No"": 0.9995}","[""31007891856192081092740105258896157997456124851512036906527186343904138677423"", ""24047937787157174490670860406737471690779700995035631854255622373225272304126""]"
2026-10-05T14:38:12.077239+00:00,San Francisco,0x6fa94a6215b9df49628856a3c029f6054052bb919dcad66974a363d817ecaf0d,Will the lowest temperature in San Francisco be between 70-71°F on October 5?,True,False,2026-10-05,2026-10-03,0.0,0.0,12516.01193,,1791210423718,,0.999,0.001,,215.22,0.0,0.008377,,"{""Yes"": 0.0005, ""No"": 0.9995}","[""65452130360995863622043549103225250570404282430726629188381410931401704883257"", ""96441886950528821303313703835930650471583202218419571410336165742942348164481""]"
2026-10-05T14:38:12.077250+00:00,San Francisco,0xdc4e8dbe0f5f6a2e73ec5684ff6f14a747b1121a0344c23c65aac9d3c08d4aa5,Will the lowest temperature in San Francisco be between 72-73°F on October 5?,True,False,2026-10-05,2026-10-03,0.0,0.0,12401.40482,,1791211006554,,0.999,0.001,,18129.06,0.0,0.008599,,"{""Yes"": 0.0005, ""No"": 0.9995}","[""101218232793543835713151938904252270731749513912033215563114774424893314461058"", ""62175774200751487959434678937353372033866715490920825443286352717383123945465""]"
2026-10-05T14:38:12.077262+00:00,San Francisco,0xcbfb5352322b6e7ce6e1545cc5b2f52b2e56eedc95781835e3863b60ba0f853f,Will the lowest temperature in San Francisco be 74°F or higher on October 5?,True,False,2026-10-05,2026-10-03,20.0,20.0,11608.20115,,1791210900030,,0.999,0.001,,18131.18,0.0,0.009106,,"{""Yes"": 0.0005, ""No"": 0.9995}","[""73086412563789800862662880174006080656296524402627992432939473375724485432523"", ""54355908278793680419345276960584127022622109976426962513158140334456648350221""]"
2026-10-05T14:38:12.077274+00:00,San Francisco,0x8499a2a772e62ca34291b28dabc2bc2d8caa8ffa897ea5cbfbd12b5f5fa5a702,Will the highest temperature in San Francisco be 75°F or below on October 5?,True,False,2026-10-05,2026-10-03,435.510378,346.435945,562.65097,,1791211027599,0.003,0.982,0.018,0.997,19962.19,422.43,0.229591,0.99737,"{""Yes"": 0.0105, ""No"": 0.9895}","[""6877426540621176116081248011330869189990145763294610159810027909091071759995"", ""73345294263758220925480042586509556501331049291651747631198592840103202967103""]"
2026-10-05T14:38:12.077287+00:00,San Francisco,0x876ef8192b5c728fd671cc555336b4fa84e441ddf4602feaa7f8f54beb937170,Will the highest temperature in San Francisco be between 76-77°F on October 5?,True,False,2026-10-05,2026-10-03,1391.7645759999996,1233.5293259999999,625.73779,,1791211137754,0.053,0.883,0.117,0.947,8816.18,1113.63,0.232447,0.955762,"{""Yes"": 0.073, ""No"": 0.927}","[""75011191329132884110617133671613634016190394777204918034775530265877091788339"", ""36501002160763714197451703835680272985311605479758207066559848783748554162284""]"
2026-10-05T14:38:12.077299+00:00,San Francisco,0xb934ebe9680ca7f69f2186c3914bc2855efe2c597e5a2cc6355e383ee0362700,Will the highest temperature in San Francisco be between 78-79°F on October 5?,True,False,2026-10-05,2026-10-03,3288.047375,3230.4273749999993,623.9616,,1791211142219,0.24,0.71,0.29,0.76,6920.85,540.65,0.327503,0.76,"{""Yes"": 0.265, ""No"": 0.735}","[""101776589326821687552441035300511917997642587906428054019008662496349563317840"", ""99875154902440996531933485830315692613821112127139769273998194181830146462862""]"
2026-10-05T14:38:12.077311+00:00,San Francisco,0xae65588b60de1a4b5a1bd6b50c05e18ee61c2c5596e7e73cccd467f308773953,Will the highest temperature in San Francisco be between 80-81°F on October 5?,True,False,2026-10-05,2026-10-03,1469.322827,1435.751402,1304.3438,,1791211136807,0.28,0.7,0.3,0.72,7101.47,972.07,0.309712,0.72,"{""Yes"": 0.295, ""No"": 0.705}","[""48885239237975197527356059762006864879833662753171993383711992619769471195297"", ""31177739214412092790490597653304408500291462723329222345166367602243031636416""]"
2026-10-05T14:38:12.077322+00:00,San Francisco,0xfbe2f6831fd98f475139a2139115ed4444a8ac597fc371c27503e979fe874052,Will the highest temperature in San Francisco be between 82-83°F on October 5?,True,False,2026-10-05,2026-10-03,1271.5214439999997,901.918677,1002.9528,,1791211104125,0.18,0.77,0.23,0.82,6975.91,424.11,0.239498,0.82793,"{""Yes"": 0.225, ""No"": 0.775}","[""65640308390408316177808299831992760461028244449127014422787061395382166983139"", ""17484856116663294393452654433440396452879026930136666628520041889172277676231""]"
2026-10-05T14:38:12.077334+00:00,San Francisco,0xcc6390b8ae3fde1a8133fe25096193c04420df15748e99e42576a2214b1d67e8,Will the highest temperature in San Francisco be between 84-85°F on October 5?,True,False,2026-10-05,2026-10-03,1155.920548,873.455286,860.7313,,1791211079000,0.1,0.88,0.12,0.9,6100.66,501.2,0.17723,0.9,"{""Yes"": 0.11, ""No"": 0.89}","[""86679467338601887304812994259310518461740193453419170264703202844882723870256"", ""41171508994977035824176656598387612106025505213924222585097689117350445500829""]"
2026-10-05T14:38:12.077345+00:00,San Francisco,0xcd91c8d8762056b7324ab26b09f2e2a36932f6996d53095135fbb0aeceb8dff8,Will the highest temperature in San Francisco be between 86-87°F on October 5?,True,False,2026-10-05,2026-10-03,1885.9009789999998,1501.741376,696.1687,,1791211140552,0.04,0.92,0.08,0.96,6014.76,1831.9,0.229384,0.96,"{""Yes"": 0.06, ""No"": 0.94}","[""49960165076476803133000374658599541105858323301206102972659729368728525264681"", ""46974389304052219902373667761775855568550038220243295634661593401220807938921""]"
2026-10-05T14:38:12.077358+00:00,San Francisco,0x58342fbc0ca991924964f7063b63845086a9369991da7ede24722d0d44997fb0,Will the highest temperature in San Francisco be between 88-89°F on October 5?,True,False,2026-10-05,2026-10-03,2214.581427,2007.587427,5423.85078,,1791211142544,0.016,0.975,0.025,0.984,33245.94,2834.47,0.055294,0.984,"{""Yes"": 0.016, ""No"": 0.984}","[""103051949727560710533575308645647899188675750761254213223505133972902730901651"", ""45710005603973058568384528260065304760276197176882406312797913834944867975869""]"
2026-10-05T14:38:12.077369+00:00,San Francisco,0x8e2eb854d0cb8f7799ae144c17beeb70eee027416e9e199cbd03084bfe1e48ac,Will the highest temperature in San Francisco be between 90-91°F on October 5?,True,False,2026-10-05,2026-10-03,992.55268,842.50268,5871.07608,,1791211090547,0.002,0.996,0.004,0.998,33053.59,973.2,0.01849,0.99885,"{""Yes"": 0.003, ""No"": 0.997}","[""20062139152821574022877287458732111861718068036835113527211713750197127322180"", ""10908739701199145623689310176443793253430037734144670208164632885090778224908""]"
2026-10-05T14:38:12.077381+00:00,San Francisco,0x12136b058870d9dc14a02a0926475526e2b660fac3e66c172ba594ca09769afb,Will the highest temperature in San Francisco be between 92-93°F on October 5?,True,False,2026-10-05,2026-10-03,251.03,185.0,6643.90396,,1791211027589,,0.999,0.001,,31195.49,0.0,0.016231,,"{""Yes"": 0.0005, ""No"": 0.9995}","[""80352432403635987856123286028156224791760202389395613430981657440865734812170"", ""23426647583745604317131230261262738883895351407352394979822070676358824653054""]"
2026-10-05T14:38:12.077392+00:00,San Francisco,0x465afe0938ae8f46b864b39b2d2d0b928f7c2965cc71b9aeef61d3cbb442bbf9,Will the highest temperature in San Francisco be 94°F or higher on October 5?,True,False,2026-10-05,2026-10-03,221.07,180.0,6814.81427,,1791211060549,,0.999,0.001,,26363.19,0.0,0.015604,,"{""Yes"": 0.0005, ""No"": 0.9995}","[""25742713808706281821335028507569124311595164689462939490514645577066048163248"", ""26459462373173811077990222043247983662355285812146439080921891829813108117688""]"
2026-10-05T14:38:12.077403+00:00,San Francisco,0x6ad744908372766ff8f434c8c5def34cf4438cb1af87975c1c4ca41777dc0231,Will the lowest temperature in San Francisco be 53°F or below on October 6?,True,False,2026-10-06,2026-10-04,8.2474,8.2474,35.9955,,1791210967883,0.03,0.9,0.1,0.97,404.73,162.95,0.851084,0.985175,"{""Yes"": 0.065, ""No"": 0.935}","[""25292435149446693390691343693694243849689540490601301211931141000397671957027"", ""86708088094305194319126812578225848152542550349995143285361703429448640465261""]"
2026-10-05T14:38:12.077415+00:00,San Francisco,0xff9ebdc8de29709f9e4c97539905d7303cdaf1eb53083ebcabd9e9aa4742843e,Will the lowest temperature in San Francisco be between 54-55°F on October 6?,True,False,2026-10-06,2026-10-04,0.0,0.0,67.4918,,1791210950111,,0.32,0.68,,2525.26,0.0,0.810053,,"{""Yes"": 0.34, ""No"": 0.66}","[""87772805157688887095708751875074470632027805164091748712761184140962808008341"", ""108096379886215105883229885235052269555090197259143410909203187335105926314303""]"
2026-10-05T14:38:12.077425+00:00,San Francisco,0x71983200ee99ab063d925af8e1c409280e269554e20206b90c0f53f8b8af543b,Will the lowest temperature in San Francisco be between 56-57°F on October 6?,True,False,2026-10-06,2026-10-04,0.0,0.0,61.5218,,1791210950103,,0.32,0.68,,2485.74,0.0,0.808017,,"{""Yes"": 0.34, ""No"": 0.66}","[""28741062715996637021169637100912524923746672279263313661258581977334799567511"", ""58223543333019946194304743901560739144330745156337935538493836117424629284691""]"
2026-10-05T14:38:12.077437+00:00,San Francisco,0x4628658dc072f806840f0d2cbb3321bb18dab7ee7554ee2c95e38c904e509b79,Will the lowest temperature in San Francisco be between 58-59°F on October 6?,True,False,2026-10-06,2026-10-04,0.0,0.0,65.5718,,1791210950119,,0.32,0.68,,2586.78,0.0,0.807028,,"{""Yes"": 0.34, ""No"": 0.66}","[""26988760730873476589229022235574814113783490889096347715494199890052172985260"", ""103288812429670384920366162023857114401241127621171494877900069247886536692151""]"
2026-10-05T14:38:12.077459+00:00,San Francisco,0x60c59e2b334e727f883b77df0aebff9662d88ae5118e9c23eba725e717d2838d,Will the lowest temperature in San Francisco be between 60-61°F on October 6?,True,False,2026-10-06,2026-10-04,0.0,0.0,81.3214,,1791210967846,0.12,0.33,0.67,0.88,2363.71,787.02,0.805698,0.88,"{""Yes"": 0.39, ""No"": 0.61}","[""14669098839016494400428420888382200585959286083318323075398111743905956842334"", ""84063230164087750096600976850632990730337319558614955983717477852617116862375""]"
2026-10-05T14:38:12.077470+00:00,San Francisco,0x79f9fbdb58d239af37bd4ee7d01077df256f539954436342ae4d323d786226ca,Will the lowest temperature in San Francisco be between 62-63°F on October 6?,True,False,2026-10-06,2026-10-04,0.0,0.0,65.5718,,1791210950126,,0.32,0.68,,2586.78,0.0,0.807028,,"{""Yes"": 0.34, ""No"": 0.66}","[""26603885300760566164545300796713781956584140870250371489153025265329437774593"", ""58451471794895059406130110558116931980953851537090453748384611197037190767893""]"
2026-10-05T14:38:12.077481+00:00,San Francisco,0x841f60932eb33f1bdb368a056ebf587486905c308540f5aeedb4653339b69fba,Will the lowest temperature in San Francisco be between 64-65°F on October 6?,True,False,2026-10-06,2026-10-04,0.0,0.0,69.8293,,1791210950130,,0.32,0.68,,2614.94,0.0,0.804778,,"{""Yes"": 0.34, ""No"": 0.66}","[""6520824631651000364156665568962234211312810115106963922859489102580643857310"", ""11616141603965801896576506105150471234525744395942515045756792477637849125301""]"
2026-10-05T14:38:12.077494+00:00,San Francisco,0xd61a903653e6fe5be7e023ecc31ef3ec2e831975640d58ad82cd628341dedfb7,Will the lowest temperature in San Francisco be between 66-67°F on October 6?,True,False,2026-10-06,2026-10-04,0.0,0.0,71.9593,,1791210950128,,0.32,0.68,,2619.11,0.0,0.805348,,"{""Yes"": 0.34, ""No"": 0.66}","[""105178658325319208427818920316321754968516649186899187433976938182665909923519"", ""21916810608071757674045270811255132858966749688637179635285758494681225171245""]"
2026-10-05T14:38:12.077506+00:00,San Francisco,0x2aad1ac0e2f416629a755ed20c5e52938203f5b6b026ea0aa1d446f69f792ef3,Will the lowest temperature in San Francisco be between 68-69°F on October 6?,True,False,2026-10-06,2026-10-04,0.0,0.0,65.5718,,1791210950124,,0.32,0.68,,2586.78,0.0,0.807028,,"{""Yes"": 0.34, ""No"": 0.66}","[""28096015390294024869461864851811323055706249404318063786576415205182910005376"", ""111525899610937099042675294856519158169407379748492027014493107413379959499259""]"
2026-10-05T14:38:12.077521+00:00,San Francisco,0x49e88970ecd26cd5f8cbc639c8adf01503c77ec0d8a6b0992aad2ccf96e59394,Will the lowest temperature in San Francisco be between 70-71°F on October 6?,True,False,2026-10-06,2026-10-04,0.0,0.0,66.5718,,1791210950123,,0.32,0.68,,2627.08,0.0,0.808017,,"{""Yes"": 0.34, ""No"": 0.66}","[""64685319801068404708549716321880616688897489000473818680614875098469324973384"", ""14807718645785213124963322936308916887396207563286387076054004004777008687564""]"
2026-10-05T14:38:12.077532+00:00,San Francisco,0x24c491a36b6720cdee8f06c08501ba0034af52b1477e0d19970ba710e8b37be7,Will the lowest temperature in San Francisco be 72°F or higher on October 6?,True,False,2026-10-06,2026-10-04,0.0,0.0,24.8136,,1791210950098,,0.13,0.87,,429.22,0.0,0.888239,,"{""Yes"": 0.435, ""No"": 0.565}","[""9488775096749059093939418060328200950542026198811854998803421255322692881361"", ""99227137731534715385532022369939609587647353053068004153012965105991634675271""]"
2026-10-05T14:38:12.077544+00:00,San Francisco,0xd4912349fe40402d736b4b180de5830563eec231e621ae69c3386e6bd5ce4072,Will the highest temperature in San Francisco be 77°F or below on October 6?,True,False,2026-10-06,2026-10-04,3361.4153980000006,3171.4696069999995,2164.74491,,1791211139518,0.319,0.67,0.33,0.681,29914.04,14419.94,0.335298,0.681935,"{""Yes"": 0.3285, ""No"": 0.6715}","[""103173702253259821531479910147119792724492398484048382764294899248725317093991"", ""27410202993298040919752732911304004877440910326503572293426274604332723877247""]"
2026-10-05T14:38:12.077554+00:00,San Francisco,0xea5b31853139d3bcdcacbddac65d05a6b767dbe208df85d897e43d1fff7c716f,Will the highest temperature in San Francisco be between 78-79°F on October 6?,True,False,2026-10-06,2026-10-04,1870.039377,1835.039377,2135.3325,,1791211104236,0.22,0.77,0.23,0.78,19142.2,2781.87,0.246,0.78359,"{""Yes"": 0.225, ""No"": 0.775}","[""104409816960105590114346556013383347905804448570169743092195029101020966915085"", ""2608645193050509710435969170255772185940880672110183261517760486855579754420""]"
2026-10-05T14:38:12.077565+00:00,San Francisco,0x994f78fa377dfa669587d457245c7a91e879fa0dd967d3553c6df81f439a7d15,Will the highest temperature in San Francisco be between 80-81°F on October 6?,True,False,2026-10-06,2026-10-04,223.52381,223.52381,2126.016,,1791211137778,0.18,0.8,0.2,0.82,17155.5,6342.45,0.219323,0.82128,"{""Yes"": 0.19, ""No"": 0.81}","[""27738285296909357040750613097425531154267838191227017422675391611542678208385"", ""90656700242905939944250235063122999655728702831081869630600722862859494041750""]"
2026-10-05T14:38:12.077576+00:00,San Francisco,0xc8046901244d889957f7c3828b197882c73f0cab8e0ebaf5ddd1137726aa018e,Will the highest temperature in San Francisco be between 82-83°F on October 6?,True,False,2026-10-06,2026-10-04,218.940178,218.940178,1903.239,,1791211134378,0.11,0.86,0.14,0.89,16135.69,2866.87,0.156107,0.897756,"{""Yes"": 0.125, ""No"": 0.875}","[""91377120507996871749390179623471447912785146494837681460221385590244965382167"", ""47389899236530656519427810076173299424224547905813126892675964012820118393366""]"
2026-10-05T14:38:12.077587+00:00,San Francisco,0xe33e9a0937d90e74d9923a042e919ec075dd322bb95f3bca41e57c17d3e39f2a,Will the highest temperature in San Francisco be between 84-85°F on October 6?,True,False,2026-10-06,2026-10-04,204.96764999999996,204.96765,2226.0201,,1791211091364,0.05,0.92,0.08,0.95,19235.81,1568.09,0.151255,0.95,"{""Yes"": 0.06, ""No"": 0.94}","[""30695733850482797853551099585307813281518835007624211664747694800711476924490"", ""95943373715282020523630855125947624897931644441166358193861719798605714160674""]"
2026-10-05T14:38:12.077599+00:00,San Francisco,0xb83a066c6dbc41e3951ecca42864e6e009bbf038d33b53a1c8ccd27d1e704e56,Will the highest temperature in San Francisco be between 86-87°F on October 6?,True,False,2026-10-06,2026-10-04,473.204053,473.204053,1904.57327,,1791211136886,0.011,0.976,0.024,0.989,41027.58,603.72,0.179965,0.98973,"{""Yes"": 0.0175, ""No"": 0.9825}","[""50026699588527818383622529994948895823411279833208766600444790212523332584622"", ""42850423817773007165484379528269997742712236182421167094450946777102833872523""]"
2026-10-05T14:38:12.077610+00:00,San Francisco,0x7886e9f62a5a9f52204ff63ecfcc07788566b3b8cd8b01ac84fee2041e0c68b2,Will the highest temperature in San Francisco be between 88-89°F on October 6?,True,False,2026-10-06,2026-10-04,88.45493300000001,83.45493300000001,2008.05484,,1791211043067,0.012,0.971,0.029,0.988,33005.44,184.67,0.143071,0.996219,"{""Yes"": 0.02, ""No"": 0.98}","[""108229175024237011474773406230819329700539203946994251428179465908489385399792"", ""89334310502414880930380130232296697131852178831136173797150896651492038453272""]"
2026-10-05T14:38:12.077621+00:00,San Francisco,0xa834982699e735742aa5154ce4f82441194fdbfb8c488c149aea9c29dfd89f3a,Will the highest temperature in San Francisco be between 90-91°F on October 6?,True,False,2026-10-06,2026-10-04,229.92661899999996,229.926619,2321.05951,,1791211136889,0.005,0.98,0.02,0.995,39264.62,189.92,0.125008,0.9981,"{""Yes"": 0.0125, ""No"": 0.9875}","[""102858666340890978490575375785510928632225784609070141403982083540242846413488"", ""52826813371382245929912763542127168977088512540409914150848576298978912640269""]"
2026-10-05T14:38:12.077635+00:00,San Francisco,0x07d3ecf64ce9c6961e1f4c466f4614ff9bb1045ba97b2c5da25f13e34278c167,Will the highest temperature in San Francisco be between 92-93°F on October 6?,True,False,2026-10-06,2026-10-04,291.816919,291.816919,2554.86105,,1791211136892,0.001,0.978,0.022,0.999,39318.65,149.67,0.114596,0.999,"{""Yes"": 0.0115, ""No"": 0.9885}","[""11857470527578899458406323263795264400289999948778022991671808397841015758253"", ""82331750787267605089946274473301747990470981708150576783859725093935864005325""]"
2026-10-05T14:38:12.077646+00:00,San Francisco,0x14a017c29ac77a8fc8ead1294e51f5b03435da3d3d1997527c6233933af133ad,Will the highest temperature in San Francisco be between 94-95°F on October 6?,True,False,2026-10-06,2026-10-04,262.4151,262.4151,2728.93718,,1791211136887,0.001,0.982,0.018,0.999,39390.61,109.6,0.103642,0.999,"{""Yes"": 0.0095, ""No"": 0.9905}","[""526941353268170257412429483598003695790889125561909420794085794409115712487"", ""31547055668528360205993851093035347360497067458941259197899464156423182714623""]"
2026-10-05T14:38:12.077661+00:00,San Francisco,0x5e359d4a1f38feaa99543d51fcb780fd45fbb36cef5bab5857733a6569a68766,Will the highest temperature in San Francisco be 96°F or higher on October 6?,True,False,2026-10-06,2026-10-04,328.546669,328.546669,2361.62363,,1791211015086,0.001,0.998,0.002,0.999,26669.15,141.19,0.074677,0.999,"{""Yes"": 0.0015, ""No"": 0.9985}","[""27778138904803385567515256361500826445643874981776319487174413686469181049072"", ""114857496800092904284760528689128537466196297537463054781572349340652308002865""]"
2026-10-05T14:38:12.077672+00:00,San Francisco,0x90015d1502e23dbc5f5762d3220dfc95fe5e59548acc09ef137786a044ec676d,Will the lowest temperature in San Francisco be 53°F or below on October 7?,True,False,2026-10-07,2026-10-05,0.0,0.0,12.75,,1791210287963,,0.9,0.1,,2.25,0.0,,,"{""Yes"": 0.05, ""No"": 0.95}","[""108470280068654323628684978749143211477001140869430316494104853644938462434464"", ""113492904983378856007487377882797063602096841382974591541485223799796127296004""]"
2026-10-05T14:38:12.077686+00:00,San Francisco,0xe3ed4a236e858e837964f1c2b263e9b1f1eb36f2feb2b02e8f37698848cce728,Will the lowest temperature in San Francisco be between 54-55°F on October 7?,True,False,2026-10-07,2026-10-05,0.0,0.0,676.8981,,1791209660803,,0.33,0.67,,12302.28,0.0,0.787785,,"{""Yes"": 0.335, ""No"": 0.665}","[""1650063934818213053281968261401238764829412084813983270316679091257085687657"", ""12312474902489903351035670243367496513594982527015607742577408727834019476533""]"
2026-10-05T14:38:12.077697+00:00,San Francisco,0x21c02ed748d2bc8f40b30ba282afc30f1ef2172a4ba6836349f8f60a1041eae5,Will the lowest temperature in San Francisco be between 56-57°F on October 7?,True,False,2026-10-07,2026-10-05,0.0,0.0,668.9281,,1791210015645,,0.32,0.68,,12262.25,0.0,0.801739,,"{""Yes"": 0.34, ""No"": 0.66}","[""111115062015809577364846686678365913585659095300485728792764627179960259486147"", ""19801095060468587282744123559690756438804094181034826261737226302850690819876""]"
2026-10-05T14:38:12.077708+00:00,San Francisco,0x2d69d88df6c40f6d6b6b7cb07beed70509b740a6458554dd651f4288ec452225,Will the lowest temperature in San Francisco be between 58-59°F on October 7?,True,False,2026-10-07,2026-10-05,0.0,0.0,638.7718,,1791210751904,,0.33,0.67,,11915.32,0.0,0.762328,,"{""Yes"": 0.29, ""No"": 0.71}","[""17516354176258451456484016378856913620002647955764949276666169723368955524309"", ""48170226370484393550652222220524165715519480781624150942732362150582010387418""]"
2026-10-05T14:38:12.077718+00:00,San Francisco,0x8f9f9614667c06ea13260bd6efbb87144c82740321fe605c06815aa525b7cf4a,Will the lowest temperature in San Francisco be between 60-61°F on October 7?,True,False,2026-10-07,2026-10-05,0.0,0.0,673.3181,,1791210695177,,0.32,0.68,,12282.16,0.0,0.801739,,"{""Yes"": 0.34, ""No"": 0.66}","[""64270501172714167814859267723177828989812661994081720407944907318966432661149"", ""113098994377582387589340154201198137220761921596252756514166821646637744042795""]"
2026-10-05T14:38:12.077730+00:00,San Francisco,0x741dc1ee56ac64b6a8473bac7b762cbeb8daf87a833f428e2f31b146fd4fb91c,Will the lowest temperature in San Francisco be between 62-63°F on October 7?,True,False,2026-10-07,2026-10-05,41.631150000000005,41.63115,686.6118,,1791210516691,0.06,0.4,0.6,0.94,12154.62,1750.7,0.758802,0.965655,"{""Yes"": 0.34, ""No"": 0.66}","[""36571941375921798277015744813922197831894683515227067722331082260438228476790"", ""91389150729571762450854022494546961665857279532418293037580657085117639226504""]"
2026-10-05T14:38:12.077760+00:00,San Francisco,0xbe0d04f701fac599390de03f0ec2b75037749040d315625244ae405b6ec99f7f,Will the lowest temperature in San Francisco be between 64-65°F on October 7?,True,False,2026-10-07,2026-10-05,0.0,0.0,676.4881,,1791210989995,,0.33,0.67,,12301.04,0.0,0.787785,,"{""Yes"": 0.335, ""No"": 0.665}","[""100888754313724986180002114889395350510576276006045603179752919736174424105201"", ""18948994483223956540746466273359606162359065206458700867612487445158845856569""]"
2026-10-05T14:38:12.077774+00:00,San Francisco,0x5e7df77d2d59ffeef63642164c8a46758cc5046ec9182a9491490708ca77b09b,Will the lowest temperature in San Francisco be between 66-67°F on October 7?,True,False,2026-10-07,2026-10-05,0.0,0.0,677.1281,,1791210752714,,0.35,0.65,,12289.44,0.0,0.77922,,"{""Yes"": 0.325, ""No"": 0.675}","[""110909588443371520468972844022120974524117769554106930603743884027722642417515"", ""87476799210875518016412038050400129900501312149690579264169699265026591400208""]"
2026-10-05T14:38:12.077784+00:00,San Francisco,0x5bc016ec93c804e2c2a1d66c6a39fd73f2029237eb83e2e17bbd57e5edcc0454,Will the lowest temperature in San Francisco be between 68-69°F on October 7?,True,False,2026-10-07,2026-10-05,0.0,0.0,673.6481,,1791210373382,,0.33,0.67,,12275.05,0.0,0.787785,,"{""Yes"": 0.335, ""No"": 0.665}","[""43600349772674013554900407894364317805152410669466514978630451564391964379122"", ""87132889375987639496138502474213579501053988957720426278352267833922128674559""]"
2026-10-05T14:38:12.077795+00:00,San Francisco,0xdbda1170818fc74f0935060eca08e711557781f69ebfcfda521acbdac15ba64c,Will the lowest temperature in San Francisco be between 70-71°F on October 7?,True,False,2026-10-07,2026-10-05,0.0,0.0,674.3981,,1791211072500,,0.33,0.67,,12341.8,0.0,0.787785,,"{""Yes"": 0.335, ""No"": 0.665}","[""81654439590694539846244181777145200346632748146999842793248604902177599577534"", ""78697408767994203759335343111462177890958316011760689233112315392703380081497""]"
2026-10-05T14:38:12.077806+00:00,San Francisco,0xb80fd1bd13d6efa32114db69a813b09d531819581da4c4586e353ddb12d6d02a,Will the lowest temperature in San Francisco be 72°F or higher on October 7?,True,False,2026-10-07,2026-10-05,0.0,0.0,9.9209,,1791203874994,,0.04,0.96,,304.11,0.0,0.960396,,"{""Yes"": 0.48, ""No"": 0.52}","[""21114971029901380521091686616632328187401750854199188469007334603132064464069"", ""2985600451353908396989654874032175995387078737544978162155188419837196727299""]"
2026-10-05T14:38:12.077817+00:00,San Francisco,0xe853db63060304ed95cca37607bbbc4b4e334fbf41a3702b2147f53caafdb814,Will the highest temperature in San Francisco be 71°F or below on October 7?,True,False,2026-10-07,2026-10-05,0.0,0.0,214.81995,,1791211134495,0.001,0.95,0.05,0.999,221.29,19.98,0.323891,,"{""Yes"": 0.0255, ""No"": 0.9745}","[""101294478688664984226376788754049089048596101901122502106289929020884499897386"", ""23210696635586658289550972922576165494213431016518804871118514809361005421055""]"
2026-10-05T14:38:12.077827+00:00,San Francisco,0x18cc0fdd4ef2c6d1b3868238d5c75d7a00d431d58bdf03ff6ef7d87b486c00a1,Will the highest temperature in San Francisco be between 72-73°F on October 7?,True,False,2026-10-07,2026-10-05,0.0,0.0,868.7591,,1791211134001,,0.92,0.08,,12461.42,0.0,0.326555,,"{""Yes"": 0.04, ""No"": 0.96}","[""77920044904102825764777276477105657621887821002354112846165243864248094815930"", ""80969033117766476319006417226538362657915206643901096615127254463178020302559""]"
2026-10-05T14:38:12.077838+00:00,San Francisco,0xc3d856dadb0c2658bff78b310bee97211899806b80aedc3df0ee463c32ce1306,Will the highest temperature in San Francisco be between 74-75°F on October 7?,True,False,2026-10-07,2026-10-05,0.0,0.0,2370.4934,,1791211134000,,0.71,0.29,,15230.64,0.0,0.431871,,"{""Yes"": 0.14, ""No"": 0.86}","[""21915040893039971160894034262052035350732724002935647292453015431208750093104"", ""71811496814356428974895023734021099900181457476334939294599602440886334155364""]"
2026-10-05T14:38:12.077848+00:00,San Francisco,0xb65387f490416f811a48ea40764e720da0ee54a07fbfb756f27f5fa066ebdb27,Will the highest temperature in San Francisco be between 76-77°F on October 7?,True,False,2026-10-07,2026-10-05,0.0,0.0,2245.0248,,1791210942614,,0.63,0.37,,16461.51,0.0,0.52111,,"{""Yes"": 0.185, ""No"": 0.815}","[""39139158870955357168020221025458600559503831283745815164260973626647251460312"", ""95508935708975108784498817986635191409880356885491732596227825253240053312120""]"
2026-10-05T14:38:12.077859+00:00,San Francisco,0x4e709f0566ff0c5e1fe59df0135f2cdec4d25c01f222879fdfacf1dbf8c9d9f5,Will the highest temperature in San Francisco be between 78-79°F on October 7?,True,False,2026-10-07,2026-10-05,0.0,0.0,933.5819,,1791210973509,0.11,0.63,0.37,0.89,12842.18,4309.89,0.500657,0.926631,"{""Yes"": 0.24, ""No"": 0.76}","[""63490297130253822864869794801331997643116651173429833989779552997929341836545"", ""10820122352809230089793435039847740746295467560314125831920815743149216118059""]"
2026-10-05T14:38:12.077872+00:00,San Francisco,0x4dd7035fa9003dbe4a22d66611e23ac20bc01548c3786c43bcd8a4679476e05e,Will the highest temperature in San Francisco be between 80-81°F on October 7?,True,False,2026-10-07,2026-10-05,0.0,0.0,2181.9515,,1791211125599,0.18,0.77,0.23,0.82,13550.23,4705.89,0.23541,0.82,"{""Yes"": 0.2, ""No"": 0.8}","[""77512476735707159724356328662478463696350325598725031155655751506776666481832"", ""33233742922704305287499918798549206541611765723926392376397001344416502795977""]"
2026-10-05T14:38:12.077885+00:00,San Francisco,0x0f2426a599646c6d9eab7d339f0c5e372cfc2ded8f3397fc1d91bda034b63995,Will the highest temperature in San Francisco be between 82-83°F on October 7?,True,False,2026-10-07,2026-10-05,126.30983,126.30983,2036.7198,,1791211134056,0.15,0.81,0.19,0.85,16214.88,2904.29,0.199104,0.85,"{""Yes"": 0.16, ""No"": 0.84}","[""74981043653135446865673302502974753850834618706134190581417496571642531027728"", ""42167641288226211858627876384453513181178938722187275734250967884893166330440""]"
2026-10-05T14:38:12.077896+00:00,San Francisco,0x12ec59576d91d4894b91887cbaaac7a381bb655a6f006512fce3485959e00506,Will the highest temperature in San Francisco be between 84-85°F on October 7?,True,False,2026-10-07,2026-10-05,0.0,0.0,2189.4322,,1791210957419,,0.82,0.18,,14455.25,0.0,0.347747,,"{""Yes"": 0.09, ""No"": 0.91}","[""42559995050586992015654930137943522290651818758786253291378542941118007232024"", ""51127769574796018559630308280750480218565427137568252028059276252769885260243""]"
2026-10-05T14:38:12.077907+00:00,San Francisco,0x156f74908f2e4dd00f649ffdef6209ba8b508e070b9530655ac2566190ef084e,Will the highest temperature in San Francisco be between 86-87°F on October 7?,True,False,2026-10-07,2026-10-05,5.0,5.0,221.72374,,1791211045852,0.002,0.989,0.011,0.998,2993.7,569.46,0.347071,0.998,"{""Yes"": 0.0065, ""No"": 0.9935}","[""66236319823285703130438237529024482612410955113497970698003391906500773960894"", ""83385000755090397656176243910076211783468132291718355846241308250617898636171""]"
2026-10-05T14:38:12.077917+00:00,San Francisco,0x8425a9ab0ec3632fed63021032a4f3eaac5059e679d7047335f9667a659520fa,Will the highest temperature in San Francisco be between 88-89°F on October 7?,True,False,2026-10-07,2026-10-05,0.0,0.0,380.21361,,1791210874444,0.001,0.95,0.05,0.999,3045.64,24.98,0.233307,,"{""Yes"": 0.0255, ""No"": 0.9745}","[""91627696408330158988969883199322904355539002041943652644904879552443105968"", ""23679130621766782762573828047247551739159263016579162887483579522823839739575""]"
2026-10-05T14:38:12.077928+00:00,San Francisco,0x2c9bea7b357fee24cc2f3c3b29559d62f468a64dbcd3ac04c4d8b443ae207638,Will the highest temperature in San Francisco be 90°F or higher on October 7?,True,False,2026-10-07,2026-10-05,0.0,0.0,398.33533,,1791211093576,0.001,0.96,0.04,0.999,281.27,34.92,0.204861,,"{""Yes"": 0.0205, ""No"": 0.9795}","[""4841508248063679930610508617643823322096112894983626858988833263901479838086"", ""16699395910103790419688169236345071849775063932034877637662806768720652207808""]"
2026-10-05T22:10:48.395771+00:00,San Francisco,0x8ca2e699fdd2938f3cfc08f6604c7bdd5dc84a0d6697e0cdce5eca407eeef006,Will the lowest temperature in San Francisco be 55°F or below on October 5?,True,False,2026-10-05,2026-10-03,131.7277,0.0,129.445,,1791237990505,,0.9,0.1,,471.56,0.0,0.46539,,"{""Yes"": 0.05, ""No"": 0.95}","[""105040284729086326413169861518207668642872414957170303065010259342871244406082"", ""43563808338011336738351088871807992190909733396192081417156299274255649895098""]"
2026-10-05T22:10:48.395802+00:00,San Francisco,0xe6dd8c1e03cbd54033280cffa80768d94b663f5267fcbe23605dfa89be094a89,Will the lowest temperature in San Francisco be between 56-57°F on October 5?,True,False,2026-10-05,2026-10-03,0.0,0.0,5.44,,1791237882725,,0.74,0.26,,73.45,0.0,,,"{""Yes"": 0.13, ""No"": 0.87}","[""31827684741875339881672700132852966068571536186385656404413689568698067803183"", ""49111763548322470570551155153077602136612714757504159913164014389103927173307""]"
2026-10-05T22:10:48.395821+00:00,San Francisco,0xcaaaf9ccce7829242457a5f46b6874880b2c8f9acf68f5b76dacb7b9d5a97ab8,Will the lowest temperature in San Francisco be between 58-59°F on October 5?,True,False,2026-10-05,2026-10-03,42.24,42.24,86.4108,,1791238308121,0.8,,,0.2,0.0,29.23,,,"{""Yes"": 0.9, ""No"": 0.1}","[""54917046396521302915840852466218165469950119722345714315142310875557227847183"", ""100916174748133243623135701639860477644014215212148722370481350712066375579585""]"
2026-10-05T22:10:48.395836+00:00,San Francisco,0xe9fa8e7b1c77137da61f3f60a448b00574edd74a2d51d7914072dcf55a29586a,Will the lowest temperature in San Francisco be between 60-61°F on October 5?,True,False,2026-10-05,2026-10-03,273.0,273.0,10873.09459,,1791237753898,,0.999,0.001,,24375.73,0.0,0.009386,,"{""Yes"": 0.0005, ""No"": 0.9995}","[""24779128874767187124355576563140622753040119521689389610638446139685001118693"", ""66695161092783065566906730075455312568224272237921533683647161617881422813381""]"
2026-10-05T22:10:48.395882+00:00,San Francisco,0xef54283bc91ca51b72a374044e8239d79e0d85962a83a51bbe8bd49252b1d1ac,Will the lowest temperature in San Francisco be between 62-63°F on October 5?,True,False,2026-10-05,2026-10-03,29.994816999999998,29.994816999999998,8637.84709,,1791237911790,,0.999,0.001,,17966.95,0.0,0.011615,,"{""Yes"": 0.0005, ""No"": 0.9995}","[""612575957857496086005392302505721270186338663239995543019255472021045112472"", ""95990107347513197031418999147850078605970799102928839095939976788450909472767""]"
2026-10-05T22:10:48.395898+00:00,San Francisco,0x2f335fa72592f97d39b61de4ad238534278b28b386e6f8f0bf74eb19223a199b,Will the lowest temperature in San Francisco be between 64-65°F on October 5?,True,False,2026-10-05,2026-10-03,35.0,35.0,8616.55095,,1791237764458,,0.999,0.001,,18134.83,0.0,0.011645,,"{""Yes"": 0.0005, ""No"": 0.9995}","[""95800838380937843579607720941003878688399274003233690812090339825595331561005"", ""91280797221934051386984818808011408980244770186571828517139988241698804496516""]"
2026-10-05T22:10:48.395912+00:00,San Francisco,0xa43716eb2dde3cca38de1815e03def191f1887d2e169fe29b2cfaf74b84971e3,Will the lowest temperature in San Francisco be between 66-67°F on October 5?,True,False,2026-10-05,2026-10-03,0.0,0.0,8632.95199,,1791237784327,,0.999,0.001,,17965.77,0.0,0.011621,,"{""Yes"": 0.0005, ""No"": 0.9995}","[""18392617470029657107892181497787471761304300771434849429782157750198816609340"", ""8916630222495460007463250460726646087937930775151001354390712867016408254666""]"
2026-10-05T22:10:48.395925+00:00,San Francisco,0xbbc5ee1593eb67bf3330cd941f57598e532d5be2be45afa55181824ccd7e6f80,Will the lowest temperature in San Francisco be between 68-69°F on October 5?,True,False,2026-10-05,2026-10-03,0.0,0.0,8732.85488,,1791237793884,,0.999,0.001,,17966.9,0.0,0.011488,,"{""Yes"": 0.0005, ""No"": 0.9995}","[""31007891856192081092740105258896157997456124851512036906527186343904138677423"", ""24047937787157174490670860406737471690779700995035631854255622373225272304126""]"
2026-10-05T22:10:48.395939+00:00,San Francisco,0x6fa94a6215b9df49628856a3c029f6054052bb919dcad66974a363d817ecaf0d,Will the lowest temperature in San Francisco be between 70-71°F on October 5?,True,False,2026-10-05,2026-10-03,0.0,0.0,8755.48699,,1791238142000,,0.999,0.001,,17966.87,0.0,0.011488,,"{""Yes"": 0.0005, ""No"": 0.9995}","[""65452130360995863622043549103225250570404282430726629188381410931401704883257"", ""96441886950528821303313703835930650471583202218419571410336165742942348164481""]"
2026-10-05T22:10:48.395955+00:00,San Francisco,0xdc4e8dbe0f5f6a2e73ec5684ff6f14a747b1121a0344c23c65aac9d3c08d4aa5,Will the lowest temperature in San Francisco be between 72-73°F on October 5?,True,False,2026-10-05,2026-10-03,0.0,0.0,8745.4906,,1791237773895,,0.999,0.001,,17969.0,0.0,0.011499,,"{""Yes"": 0.0005, ""No"": 0.9995}","[""101218232793543835713151938904252270731749513912033215563114774424893314461058"", ""62175774200751487959434678937353372033866715490920825443286352717383123945465""]"
2026-10-05T22:10:48.395968+00:00,San Francisco,0xcbfb5352322b6e7ce6e1545cc5b2f52b2e56eedc95781835e3863b60ba0f853f,Will the lowest temperature in San Francisco be 74°F or higher on October 5?,True,False,2026-10-05,2026-10-03,20.0,20.0,8247.71574,,1791237784326,,0.999,0.001,,17969.59,0.0,0.012095,,"{""Yes"": 0.0005, ""No"": 0.9995}","[""73086412563789800862662880174006080656296524402627992432939473375724485432523"", ""54355908278793680419345276960584127022622109976426962513158140334456648350221""]"
2026-10-05T22:10:48.395983+00:00,San Francisco,0x8499a2a772e62ca34291b28dabc2bc2d8caa8ffa897ea5cbfbd12b5f5fa5a702,Will the highest temperature in San Francisco be 75°F or below on October 5?,True,False,2026-10-05,2026-10-03,1286.052854,1168.856171,28.03438,,1791238290428,0.75,0.05,0.95,0.25,4038.7,608.71,0.969031,0.670859,"{""Yes"": 0.6715, ""No"": 0.3285}","[""6877426540621176116081248011330869189990145763294610159810027909091071759995"", ""73345294263758220925480042586509556501331049291651747631198592840103202967103""]"
2026-10-05T22:10:48.395998+00:00,San Francisco,0x876ef8192b5c728fd671cc555336b4fa84e441ddf4602feaa7f8f54beb937170,Will the highest temperature in San Francisco be between 76-77°F on October 5?,True,False,2026-10-05,2026-10-03,2070.2246079999995,1911.9893580000003,60.93855,,1791238290376,0.021,0.732,0.268,0.979,1523.17,364.46,0.533854,0.982873,"{""Yes"": 0.212, ""No"": 0.788}","[""75011191329132884110617133671613634016190394777204918034775530265877091788339"", ""36501002160763714197451703835680272985311605479758207066559848783748554162284""]"
2026-10-05T22:10:48.396023+00:00,San Francisco,0xb934ebe9680ca7f69f2186c3914bc2855efe2c597e5a2cc6355e383ee0362700,Will the highest temperature in San Francisco be between 78-79°F on October 5?,True,False,2026-10-05,2026-10-03,4113.3704960000005,3644.6533469999995,116.3814,,1791238308802,0.011,0.969,0.031,0.989,991.46,4378.7,0.506668,0.991976,"{""Yes"": 0.05, ""No"": 0.95}","[""101776589326821687552441035300511917997642587906428054019008662496349563317840"", ""99875154902440996531933485830315692613821112127139769273998194181830146462862""]"
2026-10-05T22:10:48.396034+00:00,San Francisco,0xae65588b60de1a4b5a1bd6b50c05e18ee61c2c5596e7e73cccd467f308773953,Will the highest temperature in San Francisco be between 80-81°F on October 5?,True,False,2026-10-05,2026-10-03,2719.389246,2611.1163899999997,101.86287,,1791238287348,0.002,0.991,0.009,0.998,432.13,151.18,0.345971,0.99895,"{""Yes"": 0.029, ""No"": 0.971}","[""48885239237975197527356059762006864879833662753171993383711992619769471195297"", ""31177739214412092790490597653304408500291462723329222345166367602243031636416""]"
2026-10-05T22:10:48.396044+00:00,San Francisco,0xfbe2f6831fd98f475139a2139115ed4444a8ac597fc371c27503e979fe874052,Will the highest temperature in San Francisco be between 82-83°F on October 5?,True,False,2026-10-05,2026-10-03,2391.1421049999994,1964.9171169999997,474.2687,,1791238251571,0.001,0.996,0.004,0.999,26716.68,139.83,0.169579,0.999,"{""Yes"": 0.01, ""No"": 0.99}","[""65640308390408316177808299831992760461028244449127014422787061395382166983139"", ""17484856116663294393452654433440396452879026930136666628520041889172277676231""]"
2026-10-05T22:10:48.396054+00:00,San Francisco,0xcc6390b8ae3fde1a8133fe25096193c04420df15748e99e42576a2214b1d67e8,Will the highest temperature in San Francisco be between 84-85°F on October 5?,True,False,2026-10-05,2026-10-03,2786.7086719999998,2441.064257,880.23143,,1791238254303,0.001,0.995,0.005,0.999,28386.72,176.51,0.145075,0.999,"{""Yes"": 0.0035, ""No"": 0.9965}","[""86679467338601887304812994259310518461740193453419170264703202844882723870256"", ""41171508994977035824176656598387612106025505213924222585097689117350445500829""]"
2026-10-05T22:10:48.396064+00:00,San Francisco,0xcd91c8d8762056b7324ab26b09f2e2a36932f6996d53095135fbb0aeceb8dff8,Will the highest temperature in San Francisco be between 86-87°F on October 5?,True,False,2026-10-05,2026-10-03,3518.3504279999997,2891.285174,629.82879,,1791238307001,0.002,0.992,0.008,0.998,22083.04,48.34,0.254896,,"{""Yes"": 0.0055, ""No"": 0.9945}","[""49960165076476803133000374658599541105858323301206102972659729368728525264681"", ""46974389304052219902373667761775855568550038220243295634661593401220807938921""]"
2026-10-05T22:10:48.396074+00:00,San Francisco,0x58342fbc0ca991924964f7063b63845086a9369991da7ede24722d0d44997fb0,Will the highest temperature in San Francisco be between 88-89°F on October 5?,True,False,2026-10-05,2026-10-03,4041.0474270000004,3705.411956,5431.85472,,1791238117000,,0.995,0.005,,29578.58,0.0,0.043631,,"{""Yes"": 0.0025, ""No"": 0.9975}","[""103051949727560710533575308645647899188675750761254213223505133972902730901651"", ""45710005603973058568384528260065304760276197176882406312797913834944867975869""]"
2026-10-05T22:10:48.396083+00:00,San Francisco,0x8e2eb854d0cb8f7799ae144c17beeb70eee027416e9e199cbd03084bfe1e48ac,Will the highest temperature in San Francisco be between 90-91°F on October 5?,True,False,2026-10-05,2026-10-03,1962.7326799999998,1700.8804799999998,6812.73253,,1791238117001,,0.999,0.001,,29398.1,0.0,0.015393,,"{""Yes"": 0.0005, ""No"": 0.9995}","[""20062139152821574022877287458732111861718068036835113527211713750197127322180"", ""10908739701199145623689310176443793253430037734144670208164632885090778224908""]"
2026-10-05T22:10:48.396100+00:00,San Francisco,0x12136b058870d9dc14a02a0926475526e2b660fac3e66c172ba594ca09769afb,Will the highest temperature in San Francisco be between 92-93°F on October 5?,True,False,2026-10-05,2026-10-03,251.03,0.0,6565.14045,,1791238117000,,0.999,0.001,,27548.02,0.0,0.016115,,"{""Yes"": 0.0005, ""No"": 0.9995}","[""80352432403635987856123286028156224791760202389395613430981657440865734812170"", ""23426647583745604317131230261262738883895351407352394979822070676358824653054""]"
2026-10-05T22:10:48.396115+00:00,San Francisco,0x465afe0938ae8f46b864b39b2d2d0b928f7c2965cc71b9aeef61d3cbb442bbf9,Will the highest temperature in San Francisco be 94°F or higher on October 5?,True,False,2026-10-05,2026-10-03,221.07,0.0,6802.38703,,1791237973379,,0.999,0.001,,26279.2,0.0,0.015493,,"{""Yes"": 0.0005, ""No"": 0.9995}","[""25742713808706281821335028507569124311595164689462939490514645577066048163248"", ""26459462373173811077990222043247983662355285812146439080921891829813108117688""]"
2026-10-05T22:10:48.396130+00:00,San Francisco,0x6ad744908372766ff8f434c8c5def34cf4438cb1af87975c1c4ca41777dc0231,Will the lowest temperature in San Francisco be 53°F or below on October 6?,True,False,2026-10-06,2026-10-04,78.0074,78.0074,47.14,,1791238308411,0.001,0.973,0.027,0.999,322.22,14.98,0.78784,,"{""Yes"": 0.014, ""No"": 0.986}","[""25292435149446693390691343693694243849689540490601301211931141000397671957027"", ""86708088094305194319126812578225848152542550349995143285361703429448640465261""]"
2026-10-05T22:10:48.396147+00:00,San Francisco,0xff9ebdc8de29709f9e4c97539905d7303cdaf1eb53083ebcabd9e9aa4742843e,Will the lowest temperature in San Francisco be between 54-55°F on October 6?,True,False,2026-10-06,2026-10-04,0.0,0.0,57.8948,,1791238296397,,0.32,0.68,,505.31,0.0,0.812393,,"{""Yes"": 0.34, ""No"": 0.66}","[""87772805157688887095708751875074470632027805164091748712761184140962808008341"", ""108096379886215105883229885235052269555090197259143410909203187335105926314303""]"
2026-10-05T22:10:48.396160+00:00,San Francisco,0x71983200ee99ab063d925af8e1c409280e269554e20206b90c0f53f8b8af543b,Will the lowest temperature in San Francisco be between 56-57°F on October 6?,True,False,2026-10-06,2026-10-04,0.0,0.0,115.1067,,1791238249625,,0.32,0.68,,703.69,0.0,0.807769,,"{""Yes"": 0.34, ""No"": 0.66}","[""28741062715996637021169637100912524923746672279263313661258581977334799567511"", ""58223543333019946194304743901560739144330745156337935538493836117424629284691""]"
2026-10-05T22:10:48.396172+00:00,San Francisco,0x4628658dc072f806840f0d2cbb3321bb18dab7ee7554ee2c95e38c904e509b79,Will the lowest temperature in San Francisco be between 58-59°F on October 6?,True,False,2026-10-06,2026-10-04,0.0,0.0,61.6348,,1791238295391,,0.32,0.68,,532.57,0.0,0.810101,,"{""Yes"": 0.34, ""No"": 0.66}","[""26988760730873476589229022235574814113783490889096347715494199890052172985260"", ""103288812429670384920366162023857114401241127621171494877900069247886536692151""]"
2026-10-05T22:10:48.396185+00:00,San Francisco,0x60c59e2b334e727f883b77df0aebff9662d88ae5118e9c23eba725e717d2838d,Will the lowest temperature in San Francisco be between 60-61°F on October 6?,True,False,2026-10-06,2026-10-04,0.0,0.0,114.3208,,1791238260559,0.07,0.33,0.67,0.93,383.71,1126.73,0.805698,0.943947,"{""Yes"": 0.395, ""No"": 0.605}","[""14669098839016494400428420888382200585959286083318323075398111743905956842334"", ""84063230164087750096600976850632990730337319558614955983717477852617116862375""]"
2026-10-05T22:10:48.396198+00:00,San Francisco,0x79f9fbdb58d239af37bd4ee7d01077df256f539954436342ae4d323d786226ca,Will the lowest temperature in San Francisco be between 62-63°F on October 6?,True,False,2026-10-06,2026-10-04,0.0,0.0,55.2248,,1791238284415,,0.32,0.68,,481.98,0.0,0.814111,,"{""Yes"": 0.34, ""No"": 0.66}","[""26603885300760566164545300796713781956584140870250371489153025265329437774593"", ""58451471794895059406130110558116931980953851537090453748384611197037190767893""]"
2026-10-05T22:10:48.396212+00:00,San Francisco,0x841f60932eb33f1bdb368a056ebf587486905c308540f5aeedb4653339b69fba,Will the lowest temperature in San Francisco be between 64-65°F on October 6?,True,False,2026-10-06,2026-10-04,0.0,0.0,61.3048,,1791238271390,,0.32,0.68,,529.9,0.0,0.810101,,"{""Yes"": 0.34, ""No"": 0.66}","[""6520824631651000364156665568962234211312810115106963922859489102580643857310"", ""11616141603965801896576506105150471234525744395942515045756792477637849125301""]"
2026-10-05T22:10:48.396226+00:00,San Francisco,0xd61a903653e6fe5be7e023ecc31ef3ec2e831975640d58ad82cd628341dedfb7,Will the lowest temperature in San Francisco be between 66-67°F on October 6?,True,False,2026-10-06,2026-10-04,0.0,0.0,61.6348,,1791238283393,,0.32,0.68,,532.57,0.0,0.810101,,"{""Yes"": 0.34, ""No"": 0.66}","[""105178658325319208427818920316321754968516649186899187433976938182665909923519"", ""21916810608071757674045270811255132858966749688637179635285758494681225171245""]"
2026-10-05T22:10:48.396239+00:00,San Francisco,0x2aad1ac0e2f416629a755ed20c5e52938203f5b6b026ea0aa1d446f69f792ef3,Will the lowest temperature in San Francisco be between 68-69°F on October 6?,True,False,2026-10-06,2026-10-04,0.0,0.0,76.9918,,1791238307391,,0.32,0.68,,678.01,0.0,0.807769,,"{""Yes"": 0.34, ""No"": 0.66}","[""28096015390294024869461864851811323055706249404318063786576415205182910005376"", ""111525899610937099042675294856519158169407379748492027014493107413379959499259""]"
2026-10-05T22:10:48.396255+00:00,San Francisco,0x49e88970ecd26cd5f8cbc639c8adf01503c77ec0d8a6b0992aad2ccf96e59394,Will the lowest temperature in San Francisco be between 70-71°F on October 6?,True,False,2026-10-06,2026-10-04,0.0,0.0,62.3048,,1791238272395,,0.32,0.68,,578.9,0.0,0.810101,,"{""Yes"": 0.34, ""No"": 0.66}","[""64685319801068404708549716321880616688897489000473818680614875098469324973384"", ""14807718645785213124963322936308916887396207563286387076054004004777008687564""]"
2026-10-05T22:10:48.396268+00:00,San Francisco,0x24c491a36b6720cdee8f06c08501ba0034af52b1477e0d19970ba710e8b37be7,Will the lowest temperature in San Francisco be 72°F or higher on October 6?,True,False,2026-10-06,2026-10-04,0.0,0.0,60.763,,1791238251395,,0.06,0.94,,198.41,0.0,0.9473,,"{""Yes"": 0.445, ""No"": 0.555}","[""9488775096749059093939418060328200950542026198811854998803421255322692881361"", ""99227137731534715385532022369939609587647353053068004153012965105991634675271""]"
2026-10-05T22:10:48.396285+00:00,San Francisco,0xd4912349fe40402d736b4b180de5830563eec231e621ae69c3386e6bd5ce4072,Will the highest temperature in San Francisco be 77°F or below on October 6?,True,False,2026-10-06,2026-10-04,4936.008940000001,4338.076342,2106.63201,,1791238306634,0.34,0.643,0.357,0.66,24741.3,3559.7,0.396811,0.682894,"{""Yes"": 0.338, ""No"": 0.662}","[""103173702253259821531479910147119792724492398484048382764294899248725317093991"", ""27410202993298040919752732911304004877440910326503572293426274604332723877247""]"
2026-10-05T22:10:48.396301+00:00,San Francisco,0xea5b31853139d3bcdcacbddac65d05a6b767dbe208df85d897e43d1fff7c716f,Will the highest temperature in San Francisco be between 78-79°F on October 6?,True,False,2026-10-06,2026-10-04,2011.5128810000003,1932.0843109999998,3687.9916,,1791238308850,0.22,0.74,0.26,0.78,18784.29,3790.71,0.262799,0.78,"{""Yes"": 0.24, ""No"": 0.76}","[""104409816960105590114346556013383347905804448570169743092195029101020966915085"", ""2608645193050509710435969170255772185940880672110183261517760486855579754420""]"
2026-10-05T22:10:48.396316+00:00,San Francisco,0x994f78fa377dfa669587d457245c7a91e879fa0dd967d3553c6df81f439a7d15,Will the highest temperature in San Francisco be between 80-81°F on October 6?,True,False,2026-10-06,2026-10-04,956.7391820000001,956.739182,3580.1006,,1791238305418,0.22,0.77,0.23,0.78,18472.45,4483.4,0.251009,0.78,"{""Yes"": 0.225, ""No"": 0.775}","[""27738285296909357040750613097425531154267838191227017422675391611542678208385"", ""90656700242905939944250235063122999655728702831081869630600722862859494041750""]"
2026-10-05T22:10:48.396329+00:00,San Francisco,0xc8046901244d889957f7c3828b197882c73f0cab8e0ebaf5ddd1137726aa018e,Will the highest temperature in San Francisco be between 82-83°F on October 6?,True,False,2026-10-06,2026-10-04,236.170062,236.170062,2865.2153,,1791238306792,0.1,0.87,0.13,0.9,16504.87,4503.82,0.193834,0.906487,"{""Yes"": 0.115, ""No"": 0.885}","[""91377120507996871749390179623471447912785146494837681460221385590244965382167"", ""47389899236530656519427810076173299424224547905813126892675964012820118393366""]"
2026-10-05T22:10:48.396343+00:00,San Francisco,0xe33e9a0937d90e74d9923a042e919ec075dd322bb95f3bca41e57c17d3e39f2a,Will the highest temperature in San Francisco be between 84-85°F on October 6?,True,False,2026-10-06,2026-10-04,949.6254279999999,889.025428,3737.2044,,1791238306789,0.06,0.91,0.09,0.94,20637.37,2191.58,0.170888,0.952155,"{""Yes"": 0.07, ""No"": 0.93}","[""30695733850482797853551099585307813281518835007624211664747694800711476924490"", ""95943373715282020523630855125947624897931644441166358193861719798605714160674""]"
2026-10-05T22:10:48.396357+00:00,San Francisco,0xb83a066c6dbc41e3951ecca42864e6e009bbf038d33b53a1c8ccd27d1e704e56,Will the highest temperature in San Francisco be between 86-87°F on October 6?,True,False,2026-10-06,2026-10-04,816.550253,672.030702,3532.02906,,1791238305426,0.014,0.967,0.033,0.986,44705.02,317.37,0.126464,0.989526,"{""Yes"": 0.0265, ""No"": 0.9735}","[""50026699588527818383622529994948895823411279833208766600444790212523332584622"", ""42850423817773007165484379528269997742712236182421167094450946777102833872523""]"
2026-10-05T22:10:48.396369+00:00,San Francisco,0x7886e9f62a5a9f52204ff63ecfcc07788566b3b8cd8b01ac84fee2041e0c68b2,Will the highest temperature in San Francisco be between 88-89°F on October 6?,True,False,2026-10-06,2026-10-04,148.454933,107.994433,3245.92391,,1791238305466,0.013,0.974,0.026,0.987,39850.14,328.75,0.097598,0.991859,"{""Yes"": 0.019, ""No"": 0.981}","[""108229175024237011474773406230819329700539203946994251428179465908489385399792"", ""89334310502414880930380130232296697131852178831136173797150896651492038453272""]"
2026-10-05T22:10:48.396382+00:00,San Francisco,0xa834982699e735742aa5154ce4f82441194fdbfb8c488c149aea9c29dfd89f3a,Will the highest temperature in San Francisco be between 90-91°F on October 6?,True,False,2026-10-06,2026-10-04,346.235819,245.83181899999997,2964.45808,,1791238306791,0.003,0.98,0.02,0.997,41258.94,207.43,0.104831,0.998149,"{""Yes"": 0.012, ""No"": 0.988}","[""102858666340890978490575375785510928632225784609070141403982083540242846413488"", ""52826813371382245929912763542127168977088512540409914150848576298978912640269""]"
2026-10-05T22:10:48.396396+00:00,San Francisco,0x07d3ecf64ce9c6961e1f4c466f4614ff9bb1045ba97b2c5da25f13e34278c167,Will the highest temperature in San Francisco be between 92-93°F on October 6?,True,False,2026-10-06,2026-10-04,366.816919,148.181819,3079.136,,1791238305432,0.001,0.978,0.022,0.999,41243.77,144.68,0.102403,0.999,"{""Yes"": 0.012, ""No"": 0.988}","[""11857470527578899458406323263795264400289999948778022991671808397841015758253"", ""82331750787267605089946274473301747990470981708150576783859725093935864005325""]"
2026-10-05T22:10:48.396409+00:00,San Francisco,0x14a017c29ac77a8fc8ead1294e51f5b03435da3d3d1997527c6233933af133ad,Will the highest temperature in San Francisco be between 94-95°F on October 6?,True,False,2026-10-06,2026-10-04,372.1251,154.70999999999998,4143.59823,,1791238306790,,0.999,0.001,,39166.03,0.0,0.050373,,"{""Yes"": 0.0005, ""No"": 0.9995}","[""526941353268170257412429483598003695790889125561909420794085794409115712487"", ""31547055668528360205993851093035347360497067458941259197899464156423182714623""]"
2026-10-05T22:10:48.396437+00:00,San Francisco,0x5e359d4a1f38feaa99543d51fcb780fd45fbb36cef5bab5857733a6569a68766,Will the highest temperature in San Francisco be 96°F or higher on October 6?,True,False,2026-10-06,2026-10-04,469.876669,230.37,4177.43845,,1791238306791,,0.999,0.001,,26850.45,0.0,0.0407,,"{""Yes"": 0.0005, ""No"": 0.9995}","[""27778138904803385567515256361500826445643874981776319487174413686469181049072"", ""114857496800092904284760528689128537466196297537463054781572349340652308002865""]"
2026-10-05T22:10:48.396449+00:00,San Francisco,0x90015d1502e23dbc5f5762d3220dfc95fe5e59548acc09ef137786a044ec676d,Will the lowest temperature in San Francisco be 53°F or below on October 7?,True,False,2026-10-07,2026-10-05,0.0,0.0,61.5,,1791238076412,,0.81,0.19,,134.45,0.0,0.606623,,"{""Yes"": 0.095, ""No"": 0.905}","[""108470280068654323628684978749143211477001140869430316494104853644938462434464"", ""113492904983378856007487377882797063602096841382974591541485223799796127296004""]"
2026-10-05T22:10:48.396458+00:00,San Francisco,0xe3ed4a236e858e837964f1c2b263e9b1f1eb36f2feb2b02e8f37698848cce728,Will the lowest temperature in San Francisco be between 54-55°F on October 7?,True,False,2026-10-07,2026-10-05,0.0,0.0,672.017,,1791237887692,,0.32,0.68,,12186.8,0.0,0.801739,,"{""Yes"": 0.34, ""No"": 0.66}","[""1650063934818213053281968261401238764829412084813983270316679091257085687657"", ""12312474902489903351035670243367496513594982527015607742577408727834019476533""]"
2026-10-05T22:10:48.396468+00:00,San Francisco,0x21c02ed748d2bc8f40b30ba282afc30f1ef2172a4ba6836349f8f60a1041eae5,Will the lowest temperature in San Francisco be between 56-57°F on October 7?,True,False,2026-10-07,2026-10-05,0.0,0.0,670.033,,1791238055000,,0.32,0.68,,12171.23,0.0,0.801739,,"{""Yes"": 0.34, ""No"": 0.66}","[""111115062015809577364846686678365913585659095300485728792764627179960259486147"", ""19801095060468587282744123559690756438804094181034826261737226302850690819876""]"
2026-10-05T22:10:48.396477+00:00,San Francisco,0x2d69d88df6c40f6d6b6b7cb07beed70509b740a6458554dd651f4288ec452225,Will the lowest temperature in San Francisco be between 58-59°F on October 7?,True,False,2026-10-07,2026-10-05,0.0,0.0,669.943,,1791237806030,,0.33,0.67,,12176.34,0.0,0.794701,,"{""Yes"": 0.335, ""No"": 0.665}","[""17516354176258451456484016378856913620002647955764949276666169723368955524309"", ""48170226370484393550652222220524165715519480781624150942732362150582010387418""]"
2026-10-05T22:10:48.396486+00:00,San Francisco,0x8f9f9614667c06ea13260bd6efbb87144c82740321fe605c06815aa525b7cf4a,Will the lowest temperature in San Francisco be between 60-61°F on October 7?,True,False,2026-10-07,2026-10-05,0.0,0.0,676.003,,1791237850997,,0.33,0.67,,12208.28,0.0,0.787785,,"{""Yes"": 0.335, ""No"": 0.665}","[""64270501172714167814859267723177828989812661994081720407944907318966432661149"", ""113098994377582387589340154201198137220761921596252756514166821646637744042795""]"
2026-10-05T22:10:48.396495+00:00,San Francisco,0x741dc1ee56ac64b6a8473bac7b762cbeb8daf87a833f428e2f31b146fd4fb91c,Will the lowest temperature in San Francisco be between 62-63°F on October 7?,True,False,2026-10-07,2026-10-05,41.631150000000005,41.63115,778.0118,,1791237752711,0.1,0.49,0.51,0.9,12852.37,925.32,0.703041,0.950495,"{""Yes"": 0.34, ""No"": 0.66}","[""36571941375921798277015744813922197831894683515227067722331082260438228476790"", ""91389150729571762450854022494546961665857279532418293037580657085117639226504""]"
2026-10-05T22:10:48.396504+00:00,San Francisco,0xbe0d04f701fac599390de03f0ec2b75037749040d315625244ae405b6ec99f7f,Will the lowest temperature in San Francisco be between 64-65°F on October 7?,True,False,2026-10-07,2026-10-05,0.0,0.0,675.743,,1791237799989,,0.33,0.67,,12210.02,0.0,0.787785,,"{""Yes"": 0.335, ""No"": 0.665}","[""100888754313724986180002114889395350510576276006045603179752919736174424105201"", ""18948994483223956540746466273359606162359065206458700867612487445158845856569""]"
2026-10-05T22:10:48.396512+00:00,San Francisco,0x5e7df77d2d59ffeef63642164c8a46758cc5046ec9182a9491490708ca77b09b,Will the lowest temperature in San Francisco be between 66-67°F on October 7?,True,False,2026-10-07,2026-10-05,0.0,0.0,674.0418,,1791237693635,,0.36,0.64,,12193.56,0.0,0.793601,,"{""Yes"": 0.325, ""No"": 0.675}","[""110909588443371520468972844022120974524117769554106930603743884027722642417515"", ""87476799210875518016412038050400129900501312149690579264169699265026591400208""]"
2026-10-05T22:10:48.396520+00:00,San Francisco,0x5bc016ec93c804e2c2a1d66c6a39fd73f2029237eb83e2e17bbd57e5edcc0454,Will the lowest temperature in San Francisco be between 68-69°F on October 7?,True,False,2026-10-07,2026-10-05,0.0,0.0,672.643,,1791237818002,,0.33,0.67,,12186.64,0.0,0.787785,,"{""Yes"": 0.335, ""No"": 0.665}","[""43600349772674013554900407894364317805152410669466514978630451564391964379122"", ""87132889375987639496138502474213579501053988957720426278352267833922128674559""]"
2026-10-05T22:10:48.396530+00:00,San Francisco,0xdbda1170818fc74f0935060eca08e711557781f69ebfcfda521acbdac15ba64c,Will the lowest temperature in San Francisco be between 70-71°F on October 7?,True,False,2026-10-07,2026-10-05,0.0,0.0,676.153,,1791237839906,,0.33,0.67,,12255.13,0.0,0.787785,,"{""Yes"": 0.335, ""No"": 0.665}","[""81654439590694539846244181777145200346632748146999842793248604902177599577534"", ""78697408767994203759335343111462177890958316011760689233112315392703380081497""]"
2026-10-05T22:10:48.396540+00:00,San Francisco,0xb80fd1bd13d6efa32114db69a813b09d531819581da4c4586e353ddb12d6d02a,Will the lowest temperature in San Francisco be 72°F or higher on October 7?,True,False,2026-10-07,2026-10-05,0.0,0.0,14.4752,,1791237632503,,0.08,0.92,,273.01,0.0,0.921705,,"{""Yes"": 0.475, ""No"": 0.525}","[""21114971029901380521091686616632328187401750854199188469007334603132064464069"", ""2985600451353908396989654874032175995387078737544978162155188419837196727299""]"
2026-10-05T22:10:48.396549+00:00,San Francisco,0xe853db63060304ed95cca37607bbbc4b4e334fbf41a3702b2147f53caafdb814,Will the highest temperature in San Francisco be 71°F or below on October 7?,True,False,2026-10-07,2026-10-05,16.994838,16.994838,787.732,,1791238308104,0.03,0.95,0.05,0.97,1066.69,38.61,0.188151,,"{""Yes"": 0.04, ""No"": 0.96}","[""101294478688664984226376788754049089048596101901122502106289929020884499897386"", ""23210696635586658289550972922576165494213431016518804871118514809361005421055""]"
2026-10-05T22:10:48.396558+00:00,San Francisco,0x18cc0fdd4ef2c6d1b3868238d5c75d7a00d431d58bdf03ff6ef7d87b486c00a1,Will the highest temperature in San Francisco be between 72-73°F on October 7?,True,False,2026-10-07,2026-10-05,0.0,0.0,1317.13853,,1791238308023,0.014,0.93,0.07,0.986,15227.91,584.8,0.400888,0.986,"{""Yes"": 0.104, ""No"": 0.896}","[""77920044904102825764777276477105657621887821002354112846165243864248094815930"", ""80969033117766476319006417226538362657915206643901096615127254463178020302559""]"
2026-10-05T22:10:48.396567+00:00,San Francisco,0xc3d856dadb0c2658bff78b310bee97211899806b80aedc3df0ee463c32ce1306,Will the highest temperature in San Francisco be between 74-75°F on October 7?,True,False,2026-10-07,2026-10-05,43.098552000000005,43.098552,1217.4568,,1791238308469,0.15,0.8,0.2,0.85,13713.82,2590.63,0.282124,0.85,"{""Yes"": 0.175, ""No"": 0.825}","[""21915040893039971160894034262052035350732724002935647292453015431208750093104"", ""71811496814356428974895023734021099900181457476334939294599602440886334155364""]"
2026-10-05T22:10:48.396575+00:00,San Francisco,0xb65387f490416f811a48ea40764e720da0ee54a07fbfb756f27f5fa066ebdb27,Will the highest temperature in San Francisco be between 76-77°F on October 7?,True,False,2026-10-07,2026-10-05,0.0,0.0,2666.0378,,1791238309948,,0.63,0.37,,17233.33,0.0,0.465385,,"{""Yes"": 0.185, ""No"": 0.815}","[""39139158870955357168020221025458600559503831283745815164260973626647251460312"", ""95508935708975108784498817986635191409880356885491732596227825253240053312120""]"
2026-10-05T22:10:48.396584+00:00,San Francisco,0x4e709f0566ff0c5e1fe59df0135f2cdec4d25c01f222879fdfacf1dbf8c9d9f5,Will the highest temperature in San Francisco be between 78-79°F on October 7?,True,False,2026-10-07,2026-10-05,3.3,3.3,2596.1169,,1791238309955,0.24,0.73,0.27,0.76,14186.18,3533.89,0.282612,0.76,"{""Yes"": 0.255, ""No"": 0.745}","[""63490297130253822864869794801331997643116651173429833989779552997929341836545"", ""10820122352809230089793435039847740746295467560314125831920815743149216118059""]"
2026-10-05T22:10:48.396592+00:00,San Francisco,0x4dd7035fa9003dbe4a22d66611e23ac20bc01548c3786c43bcd8a4679476e05e,Will the highest temperature in San Francisco be between 80-81°F on October 7?,True,False,2026-10-07,2026-10-05,858.0762430000001,868.076243,2339.4226,,1791238308496,0.07,0.89,0.11,0.93,16852.33,1700.05,0.221156,0.94899,"{""Yes"": 0.09, ""No"": 0.91}","[""77512476735707159724356328662478463696350325598725031155655751506776666481832"", ""33233742922704305287499918798549206541611765723926392376397001344416502795977""]"
2026-10-05T22:10:48.396603+00:00,San Francisco,0x0f2426a599646c6d9eab7d339f0c5e372cfc2ded8f3397fc1d91bda034b63995,Will the highest temperature in San Francisco be between 82-83°F on October 7?,True,False,2026-10-07,2026-10-05,304.323953,304.323953,1655.3335,,1791238310113,0.07,0.87,0.13,0.93,16637.24,1427.78,0.244441,0.94021,"{""Yes"": 0.1, ""No"": 0.9}","[""74981043653135446865673302502974753850834618706134190581417496571642531027728"", ""42167641288226211858627876384453513181178938722187275734250967884893166330440""]"
2026-10-05T22:10:48.396611+00:00,San Francisco,0x12ec59576d91d4894b91887cbaaac7a381bb655a6f006512fce3485959e00506,Will the highest temperature in San Francisco be between 84-85°F on October 7?,True,False,2026-10-07,2026-10-05,5.0,5.0,1473.8822,,1791238308107,0.03,0.8,0.2,0.97,13347.6,844.75,0.299672,0.97,"{""Yes"": 0.055, ""No"": 0.945}","[""42559995050586992015654930137943522290651818758786253291378542941118007232024"", ""51127769574796018559630308280750480218565427137568252028059276252769885260243""]"
2026-10-05T22:10:48.396621+00:00,San Francisco,0x156f74908f2e4dd00f649ffdef6209ba8b508e070b9530655ac2566190ef084e,Will the highest temperature in San Francisco be between 86-87°F on October 7?,True,False,2026-10-07,2026-10-05,1015.29,1015.29,2320.49538,,1791238307990,0.002,0.99,0.01,0.998,20065.34,1088.18,0.084773,0.99876,"{""Yes"": 0.006, ""No"": 0.994}","[""66236319823285703130438237529024482612410955113497970698003391906500773960894"", ""83385000755090397656176243910076211783468132291718355846241308250617898636171""]"
2026-10-05T22:10:48.396630+00:00,San Francisco,0x8425a9ab0ec3632fed63021032a4f3eaac5059e679d7047335f9667a659520fa,Will the highest temperature in San Francisco be between 88-89°F on October 7?,True,False,2026-10-07,2026-10-05,5.06,5.06,1400.71667,,1791238307985,0.001,0.95,0.05,0.999,3759.75,25.03,0.139948,,"{""Yes"": 0.0255, ""No"": 0.9745}","[""91627696408330158988969883199322904355539002041943652644904879552443105968"", ""23679130621766782762573828047247551739159263016579162887483579522823839739575""]"
2026-10-05T22:10:48.396638+00:00,San Francisco,0x2c9bea7b357fee24cc2f3c3b29559d62f468a64dbcd3ac04c4d8b443ae207638,Will the highest temperature in San Francisco be 90°F or higher on October 7?,True,False,2026-10-07,2026-10-05,0.0,0.0,1412.017,,1791238308256,0.001,0.97,0.03,0.999,1259.82,19.98,0.13291,,"{""Yes"": 0.0155, ""No"": 0.9845}","[""4841508248063679930610508617643823322096112894983626858988833263901479838086"", ""16699395910103790419688169236345071849775063932034877637662806768720652207808""]"
